Trial	Experiment	Cond	RotCfg	TransDeg	RespDeg	RespIndex	RespDigit	RTf	OnsetFrame	TransStartFrame	TransEndFrame	TotalFrames	SeedA0	SeedA1	SeedB2	SeedB3	DelayedFieldColor	DelayedFieldDepth	SwapType	EndKey	Device	MkHash32	ColorHash32	DepthHash32	MotionTypeByFrame_SubfieldCodes	ColorByFrame_SubfieldCodes	DepthByFrame_SubfieldCodes
0	BothFar_005m	UNCUED	0	315	-1	-1	-1	288	56	78	84	114	1438416469	1868370763	1894451098	1745570616	R	N	Z		XR Controller	F088AE08	BC9E36AC	81535EE4			
1	BothFar_005m	CUED	0	315	0	2	6	135	56	78	84	114	918047810	593662017	1715156946	1821007548	G	N	C		XR Controller	6CBED730	E283626C	E4FFF864			
2	BothFar_005m	UNCUED	1	180	135	7	7	109	56	78	84	114	537584485	1335234275	618421885	1069002095	R	F	N		XR Controller	67DD8480	BC9E36AC	B7EB8364			
3	BothFar_005m	UNCUED	1	0	180	6	4	105	56	78	84	114	874721049	475564844	585497389	947757350	R	F	N		XR Controller	67DD8480	BC9E36AC	B7EB8364			
4	BothFar_005m	CUED	1	90	90	0	8	93	56	78	84	114	685326844	1732853426	810366778	1569451479	G	F	Z		XR Controller	CB090948	083E616C	1B981CE4			
5	BothFar_005m	CUED	0	270	225	5	1	103	56	78	84	114	1575503346	209425977	1797907842	2102764784	G	F	CZ		XR Controller	6CBED730	E283626C	1B981CE4			
6	BothFar_005m	CUED	0	315	315	3	3	119	56	78	84	114	385262431	900876164	100543931	685665034	G	F	CZ		XR Controller	6CBED730	E283626C	1B981CE4			
7	BothFar_005m	CUED	1	90	90	0	8	104	56	78	84	114	583331359	1899750792	1181581186	376516452	R	N	Z		XR Controller	CB090948	BC9E36AC	81535EE4			
8	BothFar_005m	CUED	0	90	90	0	8	104	56	78	84	114	467453220	824112705	9628173	614269118	R	N	Z		XR Controller	6CBED730	BC9E36AC	81535EE4			
9	BothFar_005m	UNCUED	0	45	180	6	4	101	56	78	84	114	1414985497	696595501	51236544	706842222	G	F	Z		XR Controller	F088AE08	083E616C	1B981CE4			
10	BothFar_005m	CUED	1	180	180	6	4	87	56	78	84	114	1134756087	369325326	1764853195	1861654803	R	F	C		XR Controller	CB090948	95473DAC	B7EB8364			
11	BothFar_005m	CUED	1	180	180	6	4	114	56	78	84	114	1940383592	151479226	389177682	119719938	G	F	N		XR Controller	CB090948	083E616C	B7EB8364			
12	BothFar_005m	UNCUED	0	315	315	3	3	110	56	78	84	114	899956744	174416893	1439829600	366199514	G	N	CZ		XR Controller	F088AE08	E283626C	81535EE4			
13	BothFar_005m	UNCUED	0	180	180	6	4	100	56	78	84	114	901880942	977184228	348224522	1647514289	G	N	Z		XR Controller	F088AE08	083E616C	81535EE4			
14	BothFar_005m	CUED	1	90	90	0	8	101	56	78	84	114	1938829899	1253520248	1935324818	1148652904	G	N	CZ		XR Controller	CB090948	E283626C	81535EE4			
15	BothFar_005m	CUED	0	180	90	0	8	86	56	78	84	114	1010364619	223918786	1741080033	509458615	G	N	Z		XR Controller	6CBED730	083E616C	81535EE4			
16	BothFar_005m	UNCUED	1	0	270	4	2	101	56	78	84	114	1120128427	122343326	1445584138	2077659823	G	F	Z		XR Controller	67DD8480	083E616C	1B981CE4			
17	BothFar_005m	UNCUED	1	135	135	7	7	104	56	78	84	114	1722490378	245952435	1625405912	825161087	R	N	C		XR Controller	67DD8480	95473DAC	E4FFF864			
18	BothFar_005m	CUED	0	135	315	3	3	110	56	78	84	114	1506900128	1074757803	1504623118	1153455034	G	N	CZ		XR Controller	6CBED730	E283626C	81535EE4			
19	BothFar_005m	UNCUED	1	45	0	2	6	106	56	78	84	114	607878640	1267451798	1181561177	1831950260	R	F	C		XR Controller	67DD8480	95473DAC	B7EB8364			
20	BothFar_005m	CUED	1	180	180	6	4	91	56	78	84	114	907015781	1191767842	1599796978	913563642	R	N	CZ		XR Controller	CB090948	95473DAC	81535EE4			
21	BothFar_005m	UNCUED	0	90	180	6	4	95	56	78	84	114	1606409216	240796450	262842904	2057531920	G	F	C		XR Controller	F088AE08	E283626C	B7EB8364			
22	BothFar_005m	UNCUED	1	45	0	2	6	86	56	78	84	114	130218529	1043820672	1379360286	2131440576	R	N	Z		XR Controller	67DD8480	BC9E36AC	81535EE4			
23	BothFar_005m	CUED	1	135	135	7	7	92	56	78	84	114	174337077	762826707	1460408547	1639152411	G	N	C		XR Controller	CB090948	E283626C	E4FFF864			
24	BothFar_005m	CUED	1	90	135	7	7	91	56	78	84	114	1736059219	1173703509	1124601081	623881800	G	F	N		XR Controller	CB090948	083E616C	B7EB8364			
25	BothFar_005m	CUED	0	225	90	0	8	101	56	78	84	114	149314685	1115955728	2069950222	1515070047	R	N	CZ		XR Controller	6CBED730	95473DAC	81535EE4			
26	BothFar_005m	UNCUED	0	225	225	5	1	99	56	78	84	114	498439667	1000597361	1115357845	1410972335	R	N	CZ		XR Controller	F088AE08	95473DAC	81535EE4			
27	BothFar_005m	UNCUED	0	180	90	0	8	117	56	78	84	114	807496521	885809007	835264917	2067006765	R	N	C		XR Controller	F088AE08	95473DAC	E4FFF864			
28	BothFar_005m	CUED	0	0	180	6	4	141	56	78	84	114	1897105027	484279095	774920209	504085015	G	N	Z		XR Controller	6CBED730	083E616C	81535EE4			
29	BothFar_005m	CUED	0	90	45	1	9	155	56	78	84	114	360223239	72613326	192502234	582363636	G	F	CZ		XR Controller	6CBED730	E283626C	1B981CE4			
30	BothFar_005m	CUED	1	0	0	2	6	113	56	78	84	114	305628391	269332504	1464759573	560994795	R	N	CZ		XR Controller	CB090948	95473DAC	81535EE4			
31	BothFar_005m	UNCUED	0	270	225	5	1	94	56	78	84	114	376910364	355982681	2048767007	86533626	R	N	C		XR Controller	F088AE08	95473DAC	E4FFF864			
32	BothFar_005m	UNCUED	0	135	180	6	4	106	56	78	84	114	1813712422	17817174	97455943	1965111692	R	F	N		XR Controller	F088AE08	BC9E36AC	B7EB8364			
33	BothFar_005m	CUED	1	135	315	3	3	190	56	78	84	114	1528809751	1701454617	1099874549	450298071	R	N	CZ		XR Controller	CB090948	95473DAC	81535EE4			
34	BothFar_005m	UNCUED	0	45	90	0	8	96	56	78	84	114	902702792	8345177	211146963	198422075	G	N	Z		XR Controller	F088AE08	083E616C	81535EE4			
35	BothFar_005m	CUED	1	315	315	3	3	407	56	78	84	114	555621791	1892124253	717480028	849141455	R	N	Z		XR Controller	CB090948	BC9E36AC	81535EE4			
36	BothFar_005m	CUED	1	315	0	2	6	112	56	78	84	114	1681933292	611960563	1056798783	879619529	R	F	Z		XR Controller	CB090948	BC9E36AC	1B981CE4			
37	BothFar_005m	UNCUED	0	315	315	3	3	110	56	78	84	114	2049243981	314515508	1546009499	2143577167	G	N	Z		XR Controller	F088AE08	083E616C	81535EE4			
38	BothFar_005m	CUED	1	225	225	5	1	106	56	78	84	114	570099263	964920832	1833690656	291777180	R	N	N		XR Controller	CB090948	BC9E36AC	E4FFF864			
39	BothFar_005m	CUED	0	90	90	0	8	92	56	78	84	114	1100587140	232458403	1350727670	143238635	R	F	N		XR Controller	6CBED730	BC9E36AC	B7EB8364			
40	BothFar_005m	CUED	1	225	225	5	1	98	56	78	84	114	934679322	723419	1591349667	792849236	G	N	N		XR Controller	CB090948	083E616C	E4FFF864			
41	BothFar_005m	CUED	0	90	45	1	9	93	56	78	84	114	1408966710	892279212	2110075439	1971753799	G	F	N		XR Controller	6CBED730	083E616C	B7EB8364			
42	BothFar_005m	UNCUED	0	0	225	5	1	96	56	78	84	114	1547098300	2129903475	1660687416	100469395	R	N	CZ		XR Controller	F088AE08	95473DAC	81535EE4			
43	BothFar_005m	UNCUED	0	90	225	5	1	100	56	78	84	114	1895821480	1891357247	1119968288	2044090977	G	F	N		XR Controller	F088AE08	083E616C	B7EB8364			
44	BothFar_005m	CUED	1	225	225	5	1	102	56	78	84	114	1346359970	1299149519	815650108	524410047	G	F	CZ		XR Controller	CB090948	E283626C	1B981CE4			
45	BothFar_005m	UNCUED	0	270	225	5	1	112	56	78	84	114	1543514835	333048216	1976443996	856354009	R	F	C		XR Controller	F088AE08	95473DAC	B7EB8364			
46	BothFar_005m	CUED	1	90	90	0	8	92	56	78	84	114	1857388932	2114032707	1770464817	973130203	G	N	Z		XR Controller	CB090948	083E616C	81535EE4			
47	BothFar_005m	CUED	0	45	45	1	9	105	56	78	84	114	1070339339	150277578	387016781	1721156502	R	F	C		XR Controller	6CBED730	95473DAC	B7EB8364			
48	BothFar_005m	UNCUED	1	225	90	0	8	89	56	78	84	114	2075329699	1247309670	1380119942	573255757	R	F	C		XR Controller	67DD8480	95473DAC	B7EB8364			
49	BothFar_005m	UNCUED	1	135	90	0	8	82	56	78	84	114	1957889917	203747727	1886058635	516234789	R	N	N		XR Controller	67DD8480	BC9E36AC	E4FFF864			
50	BothFar_005m	CUED	0	270	90	0	8	87	56	78	84	114	1813716546	392903381	1703062212	1815761105	G	N	N		XR Controller	6CBED730	083E616C	E4FFF864			
51	BothFar_005m	UNCUED	0	0	90	0	8	84	56	78	84	114	956098731	1001864344	1910069924	121320794	R	F	Z		XR Controller	F088AE08	BC9E36AC	1B981CE4			
52	BothFar_005m	CUED	1	90	90	0	8	78	56	78	84	114	1477208544	741989069	86769218	1725520499	G	F	CZ		XR Controller	CB090948	E283626C	1B981CE4			
53	BothFar_005m	UNCUED	1	315	90	0	8	80	56	78	84	114	1009243306	1109295694	1631563989	1047640748	G	F	Z		XR Controller	67DD8480	083E616C	1B981CE4			
54	BothFar_005m	UNCUED	0	225	90	0	8	92	56	78	84	114	1098588384	1316004138	1195502346	636231423	G	F	N		XR Controller	F088AE08	083E616C	B7EB8364			
55	BothFar_005m	UNCUED	1	180	90	0	8	86	56	78	84	114	1921145680	1355943033	1232424386	2129328969	G	F	Z		XR Controller	67DD8480	083E616C	1B981CE4			
56	BothFar_005m	UNCUED	1	270	90	0	8	84	56	78	84	114	1941952394	1491958396	1691511953	1538681209	R	N	C		XR Controller	67DD8480	95473DAC	E4FFF864			
57	BothFar_005m	CUED	1	270	270	4	2	88	56	78	84	114	1606713801	2095492336	375840528	662661538	G	F	C		XR Controller	CB090948	E283626C	B7EB8364			
58	BothFar_005m	CUED	0	270	270	4	2	91	56	78	84	114	17853263	2010331076	949714943	372940189	G	F	C		XR Controller	6CBED730	E283626C	B7EB8364			
59	BothFar_005m	CUED	1	0	0	2	6	93	56	78	84	114	1432722177	263719457	51724585	541318281	R	N	C		XR Controller	CB090948	95473DAC	E4FFF864			
60	BothFar_005m	CUED	1	45	90	0	8	120	56	78	84	114	1397911421	284044669	476501750	521032397	R	F	CZ		XR Controller	CB090948	95473DAC	1B981CE4			
61	BothFar_005m	CUED	0	270	270	4	2	156	56	78	84	114	1796276067	1966888644	1607032485	988794261	G	N	C		XR Controller	6CBED730	E283626C	E4FFF864			
62	BothFar_005m	UNCUED	1	90	0	2	6	88	56	78	84	114	1580978531	704330945	829748049	812298704	G	N	N		XR Controller	67DD8480	083E616C	E4FFF864			
63	BothFar_005m	UNCUED	0	315	180	6	4	99	56	78	84	114	475175095	386277353	1868864254	2111927316	G	F	N		XR Controller	F088AE08	083E616C	B7EB8364			
64	BothFar_005m	CUED	0	180	180	6	4	103	56	78	84	114	1478849740	165144842	1839629570	1603550440	R	N	Z		XR Controller	6CBED730	BC9E36AC	81535EE4			
65	BothFar_005m	UNCUED	0	180	180	6	4	104	56	78	84	114	1681654205	127904115	1866476469	555896921	G	N	N		XR Controller	F088AE08	083E616C	E4FFF864			
66	BothFar_005m	CUED	1	45	45	1	9	96	56	78	84	114	2054747689	680072027	1224056088	484915800	G	N	C		XR Controller	CB090948	E283626C	E4FFF864			
67	BothFar_005m	CUED	1	90	90	0	8	85	56	78	84	114	882651039	1495806321	1237901148	1217988901	G	N	N		XR Controller	CB090948	083E616C	E4FFF864			
68	BothFar_005m	UNCUED	1	225	225	5	1	105	56	78	84	114	659336402	1347581951	1917300038	572473012	G	N	N		XR Controller	67DD8480	083E616C	E4FFF864			
69	BothFar_005m	UNCUED	0	0	225	5	1	91	56	78	84	114	1137994635	866060030	1257702191	1037517148	G	F	N		XR Controller	F088AE08	083E616C	B7EB8364			
70	BothFar_005m	UNCUED	0	270	45	1	9	91	56	78	84	114	1300338008	1624894756	1808818996	215693750	G	N	C		XR Controller	F088AE08	E283626C	E4FFF864			
71	BothFar_005m	CUED	0	225	225	5	1	104	56	78	84	114	1362687315	61200786	1363138957	120193320	G	N	C		XR Controller	6CBED730	E283626C	E4FFF864			
72	BothFar_005m	UNCUED	1	135	225	5	1	117	56	78	84	114	1775418404	1167577702	812912778	1055515413	R	N	CZ		XR Controller	67DD8480	95473DAC	81535EE4			
73	BothFar_005m	UNCUED	1	45	180	6	4	111	56	78	84	114	792249328	834301097	68293745	1774630558	R	F	N		XR Controller	67DD8480	BC9E36AC	B7EB8364			
74	BothFar_005m	CUED	0	180	135	7	7	138	56	78	84	114	1168856671	1618330809	1177872402	1470304244	G	N	CZ		XR Controller	6CBED730	E283626C	81535EE4			
75	BothFar_005m	UNCUED	1	225	0	2	6	90	56	78	84	114	939973111	1088366838	883336939	1822037489	G	N	C		XR Controller	67DD8480	E283626C	E4FFF864			
76	BothFar_005m	CUED	1	45	90	0	8	95	56	78	84	114	394235075	1911509054	1418588964	331776876	R	F	Z		XR Controller	CB090948	BC9E36AC	1B981CE4			
77	BothFar_005m	CUED	0	135	135	7	7	102	56	78	84	114	1577543361	498499601	1643405306	819825028	G	F	C		XR Controller	6CBED730	E283626C	B7EB8364			
78	BothFar_005m	UNCUED	0	135	135	7	7	104	56	78	84	114	542102605	1703583921	1816688090	330111029	G	F	N		XR Controller	F088AE08	083E616C	B7EB8364			
79	BothFar_005m	UNCUED	1	0	315	3	3	106	56	78	84	114	474876964	988476931	359269006	1663566432	R	N	CZ		XR Controller	67DD8480	95473DAC	81535EE4			
80	BothFar_005m	UNCUED	0	90	225	5	1	111	56	78	84	114	1911625902	1169350661	1691475378	374350421	R	N	CZ		XR Controller	F088AE08	95473DAC	81535EE4			
81	BothFar_005m	UNCUED	0	0	225	5	1	102	56	78	84	114	368126075	837914057	1255447798	1541596120	R	N	C		XR Controller	F088AE08	95473DAC	E4FFF864			
82	BothFar_005m	UNCUED	0	0	0	2	6	105	56	78	84	114	732856364	887485267	2110676655	779882954	G	N	Z		XR Controller	F088AE08	083E616C	81535EE4			
83	BothFar_005m	CUED	1	270	90	0	8	136	56	78	84	114	1479574750	114106323	938038053	1627760480	R	F	CZ		XR Controller	CB090948	95473DAC	1B981CE4			
84	BothFar_005m	UNCUED	1	315	135	7	7	99	56	78	84	114	804824066	1861885377	1563507056	2027796510	R	N	Z		XR Controller	67DD8480	BC9E36AC	81535EE4			
85	BothFar_005m	UNCUED	0	180	180	6	4	113	56	78	84	114	878355158	1715205503	736830881	402301793	G	F	C		XR Controller	F088AE08	E283626C	B7EB8364			
86	BothFar_005m	UNCUED	1	315	180	6	4	92	56	78	84	114	882119172	1300194514	1413318330	1702649312	G	F	N		XR Controller	67DD8480	083E616C	B7EB8364			
87	BothFar_005m	CUED	0	270	270	4	2	89	56	78	84	114	231714850	295234898	1502572930	1068767071	R	N	CZ		XR Controller	6CBED730	95473DAC	81535EE4			
88	BothFar_005m	CUED	1	180	180	6	4	137	56	78	84	114	1806472810	309534731	1301178885	1619078253	R	N	Z		XR Controller	CB090948	BC9E36AC	81535EE4			
89	BothFar_005m	UNCUED	1	315	135	7	7	102	56	78	84	114	1858195326	797798535	1312657234	330533906	R	F	N		XR Controller	67DD8480	BC9E36AC	B7EB8364			
90	BothFar_005m	CUED	1	45	45	1	9	119	56	78	84	114	290742170	1685985482	1024338587	1554150867	R	N	Z		XR Controller	CB090948	BC9E36AC	81535EE4			
91	BothFar_005m	CUED	1	135	135	7	7	105	56	78	84	114	1539385255	83231349	379002676	120027070	R	F	CZ		XR Controller	CB090948	95473DAC	1B981CE4			
92	BothFar_005m	UNCUED	0	0	45	1	9	264	56	78	84	114	1730624805	1066410774	211673654	985630293	G	F	Z		XR Controller	F088AE08	083E616C	1B981CE4			
93	BothFar_005m	CUED	0	135	135	7	7	103	56	78	84	114	1064993363	1277235797	2019366100	2106677688	R	F	CZ		XR Controller	6CBED730	95473DAC	1B981CE4			
94	BothFar_005m	CUED	0	45	0	2	6	106	56	78	84	114	746300337	1319720888	1310054870	724858831	R	N	Z		XR Controller	6CBED730	BC9E36AC	81535EE4			
95	BothFar_005m	CUED	1	45	0	2	6	102	56	78	84	114	88266249	2093697809	559549411	1435217921	R	N	CZ		XR Controller	CB090948	95473DAC	81535EE4			
96	BothFar_005m	CUED	0	45	45	1	9	111	56	78	84	114	726922445	1762012070	171607272	2393173	R	N	C		XR Controller	6CBED730	95473DAC	E4FFF864			
97	BothFar_005m	CUED	0	315	270	4	2	100	56	78	84	114	379236049	404574191	901629585	543229389	G	F	N		XR Controller	6CBED730	083E616C	B7EB8364			
98	BothFar_005m	CUED	0	0	180	6	4	123	56	78	84	114	39782806	710336593	1317099824	1657475809	R	F	C		XR Controller	6CBED730	95473DAC	B7EB8364			
99	BothFar_005m	UNCUED	0	180	225	5	1	94	56	78	84	114	1038362005	1261405469	1596760147	1110571836	R	F	C		XR Controller	F088AE08	95473DAC	B7EB8364			
100	BothFar_005m	CUED	0	45	270	4	2	105	56	78	84	114	263332644	1220397471	1122178859	1517296742	R	F	Z		XR Controller	6CBED730	BC9E36AC	1B981CE4			
101	BothFar_005m	CUED	0	45	45	1	9	113	56	78	84	114	1446991660	11396154	1508312059	410980563	R	F	CZ		XR Controller	6CBED730	95473DAC	1B981CE4			
102	BothFar_005m	CUED	1	90	90	0	8	90	56	78	84	114	1252066148	1752415728	1823269062	584854005	R	N	N		XR Controller	CB090948	BC9E36AC	E4FFF864			
103	BothFar_005m	CUED	0	180	180	6	4	100	56	78	84	114	1986180892	1296193463	1311487780	926079387	R	F	CZ		XR Controller	6CBED730	95473DAC	1B981CE4			
104	BothFar_005m	UNCUED	1	135	180	6	4	97	56	78	84	114	1300049074	2141364551	288238299	561907605	R	F	CZ		XR Controller	67DD8480	95473DAC	1B981CE4			
105	BothFar_005m	CUED	1	315	315	3	3	105	56	78	84	114	1600205004	666014571	100034061	314252553	R	N	CZ		XR Controller	CB090948	95473DAC	81535EE4			
106	BothFar_005m	UNCUED	0	135	90	0	8	100	56	78	84	114	1670134383	1934152506	1272044035	1830302990	G	N	C		XR Controller	F088AE08	E283626C	E4FFF864			
107	BothFar_005m	UNCUED	1	180	180	6	4	82	56	78	84	114	1325505299	1122010266	515622745	1481519593	R	N	N		XR Controller	67DD8480	BC9E36AC	E4FFF864			
108	BothFar_005m	UNCUED	0	90	135	7	7	168	56	78	84	114	2125492028	897429223	1932581741	946513368	G	N	N		XR Controller	F088AE08	083E616C	E4FFF864			
109	BothFar_005m	CUED	1	270	270	4	2	100	56	78	84	114	132063202	1654491451	1177444526	1929662158	R	N	CZ		XR Controller	CB090948	95473DAC	81535EE4			
110	BothFar_005m	UNCUED	0	225	45	1	9	102	56	78	84	114	349016992	2055330956	351855526	1140627948	G	F	C		XR Controller	F088AE08	E283626C	B7EB8364			
111	BothFar_005m	UNCUED	1	315	315	3	3	94	56	78	84	114	639309902	123293638	62683335	211253669	G	N	N		XR Controller	67DD8480	083E616C	E4FFF864			
112	BothFar_005m	UNCUED	1	180	0	2	6	115	56	78	84	114	1367959749	478779515	478724989	11897139	R	N	CZ		XR Controller	67DD8480	95473DAC	81535EE4			
113	BothFar_005m	CUED	0	270	270	4	2	83	56	78	84	114	1862984618	175050388	982748224	814918952	R	N	N		XR Controller	6CBED730	BC9E36AC	E4FFF864			
114	BothFar_005m	CUED	1	180	180	6	4	121	56	78	84	114	230267430	1648415520	1349140662	1211070669	R	F	Z		XR Controller	CB090948	BC9E36AC	1B981CE4			
115	BothFar_005m	CUED	1	135	135	7	7	127	56	78	84	114	736306104	350418183	1861277810	637066049	R	F	Z		XR Controller	CB090948	BC9E36AC	1B981CE4			
116	BothFar_005m	UNCUED	1	270	225	5	1	119	56	78	84	114	1594496984	639551042	14505170	1420599322	G	N	Z		XR Controller	67DD8480	083E616C	81535EE4			
117	BothFar_005m	UNCUED	0	45	225	5	1	102	56	78	84	114	129650968	699375486	2035395921	986403010	R	N	CZ		XR Controller	F088AE08	95473DAC	81535EE4			
118	BothFar_005m	CUED	0	90	270	4	2	247	56	78	84	114	209636240	355509073	775748046	398942350	G	N	CZ		XR Controller	6CBED730	E283626C	81535EE4			
119	BothFar_005m	UNCUED	1	225	225	5	1	104	56	78	84	114	2078925927	157585257	82538378	1559510379	R	F	CZ		XR Controller	67DD8480	95473DAC	1B981CE4			
120	BothFar_005m	CUED	0	45	0	2	6	93	56	78	84	114	561258141	1814594096	5999860	244362102	G	N	N		XR Controller	6CBED730	083E616C	E4FFF864			
121	BothFar_005m	CUED	1	0	270	4	2	88	56	78	84	114	2084704701	1188360075	824903521	782318850	G	N	Z		XR Controller	CB090948	083E616C	81535EE4			
122	BothFar_005m	CUED	0	270	90	0	8	117	56	78	84	114	870334904	2070463976	858021298	1951343874	G	N	Z		XR Controller	6CBED730	083E616C	81535EE4			
123	BothFar_005m	UNCUED	1	90	315	3	3	112	56	78	84	114	927968820	1693894090	37304098	424612003	R	N	CZ		XR Controller	67DD8480	95473DAC	81535EE4			
124	BothFar_005m	UNCUED	1	180	270	4	2	103	56	78	84	114	1382222709	383105368	735290346	676587909	G	N	CZ		XR Controller	67DD8480	E283626C	81535EE4			
125	BothFar_005m	UNCUED	0	45	135	7	7	107	56	78	84	114	940630549	1726837414	164243317	92247028	R	F	N		XR Controller	F088AE08	BC9E36AC	B7EB8364			
126	BothFar_005m	UNCUED	1	270	135	7	7	92	56	78	84	114	1915118179	1138883876	779364248	114051235	G	F	C		XR Controller	67DD8480	E283626C	B7EB8364			
127	BothFar_005m	UNCUED	1	90	180	6	4	92	56	78	84	114	2113423334	642328850	1296768161	479165904	R	N	N		XR Controller	67DD8480	BC9E36AC	E4FFF864			
128	BothFar_005m	CUED	1	225	225	5	1	112	56	78	84	114	1047992005	1984141626	1474878137	1093731579	G	N	C		XR Controller	CB090948	E283626C	E4FFF864			
129	BothFar_005m	UNCUED	0	180	225	5	1	91	56	78	84	114	315792700	814381157	621796012	2052259849	R	N	N		XR Controller	F088AE08	BC9E36AC	E4FFF864			
130	BothFar_005m	UNCUED	1	90	90	0	8	110	56	78	84	114	1937094291	974200760	1140190613	1105944188	R	F	CZ		XR Controller	67DD8480	95473DAC	1B981CE4			
131	BothFar_005m	CUED	0	0	45	1	9	99	56	78	84	114	1177310447	846568864	1639390589	1564214713	R	F	N		XR Controller	6CBED730	BC9E36AC	B7EB8364			
132	BothFar_005m	UNCUED	0	315	315	3	3	227	56	78	84	114	83508215	92015097	571666559	1341885041	G	N	C		XR Controller	F088AE08	E283626C	E4FFF864			
133	BothFar_005m	CUED	1	180	180	6	4	96	56	78	84	114	1445221576	928755981	211415376	893507636	G	F	CZ		XR Controller	CB090948	E283626C	1B981CE4			
134	BothFar_005m	UNCUED	1	0	225	5	1	125	56	78	84	114	1756656942	1579228814	788842529	523886389	G	N	CZ		XR Controller	67DD8480	E283626C	81535EE4			
135	BothFar_005m	CUED	0	180	225	5	1	91	56	78	84	114	1139132581	1678354142	147839608	716042757	G	F	Z		XR Controller	6CBED730	083E616C	1B981CE4			
136	BothFar_005m	UNCUED	1	0	135	7	7	179	56	78	84	114	1989799301	944544295	911030152	426935132	G	F	CZ		XR Controller	67DD8480	E283626C	1B981CE4			
137	BothFar_005m	CUED	0	225	225	5	1	88	56	78	84	114	1130505221	1043287627	1164786686	1630848861	R	N	N		XR Controller	6CBED730	BC9E36AC	E4FFF864			
138	BothFar_005m	UNCUED	0	315	225	5	1	85	56	78	84	114	1477453226	270912631	2094026776	1228783469	R	F	N		XR Controller	F088AE08	BC9E36AC	B7EB8364			
139	BothFar_005m	UNCUED	0	270	270	4	2	98	56	78	84	114	1312325703	93879155	1182600015	1758962975	R	N	CZ		XR Controller	F088AE08	95473DAC	81535EE4			
140	BothFar_005m	UNCUED	0	225	90	0	8	90	56	78	84	114	366347601	2073225285	489528001	1902722087	R	N	N		XR Controller	F088AE08	BC9E36AC	E4FFF864			
141	BothFar_005m	CUED	1	315	315	3	3	87	56	78	84	114	1916925541	439116661	1306201038	993895485	G	F	Z		XR Controller	CB090948	083E616C	1B981CE4			
142	BothFar_005m	UNCUED	0	225	225	5	1	106	56	78	84	114	1888833658	1662912010	1955407167	2036695628	R	F	N		XR Controller	F088AE08	BC9E36AC	B7EB8364			
143	BothFar_005m	CUED	1	270	225	5	1	118	56	78	84	114	1021808522	1544797344	1842419061	876380941	R	F	C		XR Controller	CB090948	95473DAC	B7EB8364			
144	BothFar_005m	UNCUED	1	45	0	2	6	172	56	78	84	114	462478573	1827011126	194153682	1225003673	R	F	Z		XR Controller	67DD8480	BC9E36AC	1B981CE4			
145	BothFar_005m	UNCUED	1	45	135	7	7	103	56	78	84	114	866748785	1597926444	236896913	208384795	G	N	N		XR Controller	67DD8480	083E616C	E4FFF864			
146	BothFar_005m	UNCUED	1	45	0	2	6	107	56	78	84	114	1471396928	1438350379	907990762	1014855696	R	N	C		XR Controller	67DD8480	95473DAC	E4FFF864			
147	BothFar_005m	CUED	1	0	0	2	6	87	56	78	84	114	377525691	413750478	1114240973	2090704561	G	F	N		XR Controller	CB090948	083E616C	B7EB8364			
148	BothFar_005m	UNCUED	1	315	135	7	7	95	56	78	84	114	1049921311	673851071	325746816	1258541965	R	F	CZ		XR Controller	67DD8480	95473DAC	1B981CE4			
149	BothFar_005m	CUED	1	180	180	6	4	100	56	78	84	114	1588706183	632033870	1896615262	761871249	R	F	CZ		XR Controller	CB090948	95473DAC	1B981CE4			
150	BothFar_005m	UNCUED	1	135	180	6	4	86	56	78	84	114	1487703092	1523676954	881960430	2029878727	G	F	Z		XR Controller	67DD8480	083E616C	1B981CE4			
151	BothFar_005m	UNCUED	0	90	225	5	1	106	56	78	84	114	590824878	523908912	1669289281	989254386	R	F	C		XR Controller	F088AE08	95473DAC	B7EB8364			
152	BothFar_005m	UNCUED	0	90	45	1	9	91	56	78	84	114	911402299	906403856	1107113541	718277695	G	F	Z		XR Controller	F088AE08	083E616C	1B981CE4			
153	BothFar_005m	CUED	0	135	135	7	7	100	56	78	84	114	1728868712	1793998138	1173608790	22733588	G	F	Z		XR Controller	6CBED730	083E616C	1B981CE4			
154	BothFar_005m	CUED	0	180	225	5	1	93	56	78	84	114	1798074080	1621605664	1484656949	2135866676	R	F	C		XR Controller	6CBED730	95473DAC	B7EB8364			
155	BothFar_005m	UNCUED	0	315	270	4	2	97	56	78	84	114	1384045266	468339911	1801744256	1895897796	R	N	CZ		XR Controller	F088AE08	95473DAC	81535EE4			
156	BothFar_005m	CUED	0	315	270	4	2	97	56	78	84	114	61884008	1135975185	1146010437	2118363589	R	F	C		XR Controller	6CBED730	95473DAC	B7EB8364			
157	BothFar_005m	UNCUED	1	135	270	4	2	99	56	78	84	114	1947365654	1270993076	2037475427	749325574	R	N	Z		XR Controller	67DD8480	BC9E36AC	81535EE4			
158	BothFar_005m	CUED	1	45	45	1	9	130	56	78	84	114	700854257	795923133	1444055834	594476259	G	F	CZ		XR Controller	CB090948	E283626C	1B981CE4			
159	BothFar_005m	UNCUED	1	135	270	4	2	104	56	78	84	114	1402242728	1181819959	1051182300	1892177731	G	N	C		XR Controller	67DD8480	E283626C	E4FFF864			
160	BothFar_005m	UNCUED	0	45	45	1	9	84	56	78	84	114	1807807274	461370000	722935883	29819528	R	F	Z		XR Controller	F088AE08	BC9E36AC	1B981CE4			
161	BothFar_005m	UNCUED	1	180	135	7	7	88	56	78	84	114	1992174456	1134599697	224754669	1604037314	R	F	C		XR Controller	67DD8480	95473DAC	B7EB8364			
162	BothFar_005m	CUED	1	0	0	2	6	93	56	78	84	114	271725677	24922106	1826854410	2002031660	G	F	C		XR Controller	CB090948	E283626C	B7EB8364			
163	BothFar_005m	CUED	1	225	225	5	1	92	56	78	84	114	1240717498	965206317	1905264860	1972704487	R	F	N		XR Controller	CB090948	BC9E36AC	B7EB8364			
164	BothFar_005m	UNCUED	0	270	225	5	1	101	56	78	84	114	1831593824	1594440327	992743201	2136142870	G	F	N		XR Controller	F088AE08	083E616C	B7EB8364			
165	BothFar_005m	CUED	0	270	270	4	2	117	56	78	84	114	461450878	1897426149	1440893318	410436964	R	N	Z		XR Controller	6CBED730	BC9E36AC	81535EE4			
166	BothFar_005m	CUED	1	90	135	7	7	118	56	78	84	114	1260823138	2119208268	1097159295	709616002	R	N	CZ		XR Controller	CB090948	95473DAC	81535EE4			
167	BothFar_005m	UNCUED	1	180	270	4	2	90	56	78	84	114	4649206	1878636351	2097405888	1977795940	G	N	N		XR Controller	67DD8480	083E616C	E4FFF864			
168	BothFar_005m	CUED	0	315	0	2	6	151	56	78	84	114	782735345	656165722	430305640	2114458088	R	F	Z		XR Controller	6CBED730	BC9E36AC	1B981CE4			
169	BothFar_005m	UNCUED	1	45	180	6	4	87	56	78	84	114	1873364929	524883560	1987577084	679208171	G	N	Z		XR Controller	67DD8480	083E616C	81535EE4			
170	BothFar_005m	CUED	0	180	180	6	4	85	56	78	84	114	944920126	1664427701	677020079	962078213	R	N	N		XR Controller	6CBED730	BC9E36AC	E4FFF864			
171	BothFar_005m	CUED	1	0	0	2	6	107	56	78	84	114	2005871270	36473478	263777710	125254079	G	F	CZ		XR Controller	CB090948	E283626C	1B981CE4			
172	BothFar_005m	CUED	1	45	45	1	9	106	56	78	84	114	1034760923	378277624	1358424274	1978489286	G	F	C		XR Controller	CB090948	E283626C	B7EB8364			
173	BothFar_005m	CUED	0	180	225	5	1	165	56	78	84	114	768582134	1232304863	767742791	1971402541	R	F	N		XR Controller	6CBED730	BC9E36AC	B7EB8364			
174	BothFar_005m	CUED	0	315	315	3	3	97	56	78	84	114	1178538128	1531272868	871756106	521278804	G	N	N		XR Controller	6CBED730	083E616C	E4FFF864			
175	BothFar_005m	CUED	0	315	45	1	9	127	56	78	84	114	594594343	1122184862	783425854	42562943	R	F	CZ		XR Controller	6CBED730	95473DAC	1B981CE4			
176	BothFar_005m	UNCUED	0	0	225	5	1	91	56	78	84	114	1044225713	1705625816	1070100676	1731756858	G	N	CZ		XR Controller	F088AE08	E283626C	81535EE4			
177	BothFar_005m	UNCUED	1	270	45	1	9	88	56	78	84	114	507990798	1719400026	591459415	91485750	G	N	C		XR Controller	67DD8480	E283626C	E4FFF864			
178	BothFar_005m	CUED	1	135	180	6	4	90	56	78	84	114	1120494494	1687384698	1185996999	2141281437	G	F	Z		XR Controller	CB090948	083E616C	1B981CE4			
179	BothFar_005m	UNCUED	0	45	225	5	1	99	56	78	84	114	1269016456	946296861	1197591708	1530992528	R	N	Z		XR Controller	F088AE08	BC9E36AC	81535EE4			
180	BothFar_005m	CUED	1	315	135	7	7	127	56	78	84	114	1396978060	1449886235	1684460929	349087138	R	N	N		XR Controller	CB090948	BC9E36AC	E4FFF864			
181	BothFar_005m	CUED	0	225	225	5	1	151	56	78	84	114	997783988	917583076	1081402244	62330503	G	N	N		XR Controller	6CBED730	083E616C	E4FFF864			
182	BothFar_005m	CUED	1	315	315	3	3	93	56	78	84	114	407495443	844359165	1666827249	737251038	G	N	Z		XR Controller	CB090948	083E616C	81535EE4			
183	BothFar_005m	CUED	1	0	0	2	6	91	56	78	84	114	1248838225	2093841587	1999975984	1447130524	R	N	Z		XR Controller	CB090948	BC9E36AC	81535EE4			
184	BothFar_005m	UNCUED	1	0	135	7	7	92	56	78	84	114	1825242691	32562961	1373231993	568660869	R	F	Z		XR Controller	67DD8480	BC9E36AC	1B981CE4			
185	BothFar_005m	CUED	0	90	135	7	7	99	56	78	84	114	2128932180	1533174347	551403065	505632209	G	F	Z		XR Controller	6CBED730	083E616C	1B981CE4			
186	BothFar_005m	UNCUED	0	180	45	1	9	88	56	78	84	114	1448584880	257015857	939192439	2046575594	R	F	Z		XR Controller	F088AE08	BC9E36AC	1B981CE4			
187	BothFar_005m	UNCUED	0	90	225	5	1	92	56	78	84	114	397307424	1416655576	310378716	415637343	R	N	Z		XR Controller	F088AE08	BC9E36AC	81535EE4			
188	BothFar_005m	CUED	0	135	135	7	7	89	56	78	84	114	220897381	649447970	1554404954	1477294758	G	N	C		XR Controller	6CBED730	E283626C	E4FFF864			
189	BothFar_005m	CUED	0	315	315	3	3	91	56	78	84	114	2063219432	162267642	795708763	845309862	R	N	N		XR Controller	6CBED730	BC9E36AC	E4FFF864			
190	BothFar_005m	CUED	0	45	45	1	9	90	56	78	84	114	1462190448	2622559	923931227	1088922294	G	F	C		XR Controller	6CBED730	E283626C	B7EB8364			
191	BothFar_005m	CUED	0	0	0	2	6	86	56	78	84	114	692975075	1087230097	1347715394	403050396	R	F	Z		XR Controller	6CBED730	BC9E36AC	1B981CE4			
192	BothFar_005m	UNCUED	0	90	225	5	1	92	56	78	84	114	994785115	1079280584	2134774888	813922754	G	N	C		XR Controller	F088AE08	E283626C	E4FFF864			
193	BothFar_005m	CUED	1	180	180	6	4	92	56	78	84	114	1059914653	815000646	974764428	1197243436	G	F	C		XR Controller	CB090948	E283626C	B7EB8364			
194	BothFar_005m	CUED	1	0	180	6	4	103	56	78	84	114	150176185	1273432512	369385209	1064515366	R	F	N		XR Controller	CB090948	BC9E36AC	B7EB8364			
195	BothFar_005m	CUED	1	135	180	6	4	87	56	78	84	114	759072446	1906875372	1502273036	1196872152	G	N	CZ		XR Controller	CB090948	E283626C	81535EE4			
196	BothFar_005m	CUED	0	225	225	5	1	87	56	78	84	114	839404674	2077635176	954639022	2015630458	R	N	C		XR Controller	6CBED730	95473DAC	E4FFF864			
197	BothFar_005m	UNCUED	0	0	225	5	1	126	56	78	84	114	1780515855	1435111471	1853743944	418715771	R	N	N		XR Controller	F088AE08	BC9E36AC	E4FFF864			
198	BothFar_005m	CUED	1	135	135	7	7	121	56	78	84	114	1102175898	1618135115	2072397600	437319255	G	F	C		XR Controller	CB090948	E283626C	B7EB8364			
199	BothFar_005m	UNCUED	1	45	0	2	6	93	56	78	84	114	926164740	2014751222	2067159787	1517295700	G	F	C		XR Controller	67DD8480	E283626C	B7EB8364			
200	BothFar_005m	CUED	0	225	225	5	1	81	56	78	84	114	1561492551	877173761	30372070	553767471	R	F	C		XR Controller	6CBED730	95473DAC	B7EB8364			
201	BothFar_005m	UNCUED	0	225	180	6	4	91	56	78	84	114	2049658958	242909347	236077565	1631990516	R	N	C		XR Controller	F088AE08	95473DAC	E4FFF864			
202	BothFar_005m	UNCUED	1	45	135	7	7	80	56	78	84	114	462151295	884110543	1065957991	1746780634	R	F	CZ		XR Controller	67DD8480	95473DAC	1B981CE4			
203	BothFar_005m	CUED	1	225	135	7	7	97	56	78	84	114	585487352	1853083128	737899281	524254197	G	F	Z		XR Controller	CB090948	083E616C	1B981CE4			
204	BothFar_005m	UNCUED	0	135	180	6	4	101	56	78	84	114	1645754486	1780930653	74785327	936331381	G	N	N		XR Controller	F088AE08	083E616C	E4FFF864			
205	BothFar_005m	CUED	0	270	90	0	8	94	56	78	84	114	872087515	1399237573	1612171783	2014804114	R	F	Z		XR Controller	6CBED730	BC9E36AC	1B981CE4			
206	BothFar_005m	UNCUED	1	0	0	2	6	132	56	78	84	114	222284580	1109216783	1065166398	953434575	R	N	N		XR Controller	67DD8480	BC9E36AC	E4FFF864			
207	BothFar_005m	UNCUED	0	90	90	0	8	86	56	78	84	114	1204813714	74740023	2077680285	1982828020	G	N	CZ		XR Controller	F088AE08	E283626C	81535EE4			
208	BothFar_005m	UNCUED	1	135	45	1	9	187	56	78	84	114	227996490	1689456951	768204087	463199674	R	F	C		XR Controller	67DD8480	95473DAC	B7EB8364			
209	BothFar_005m	UNCUED	1	0	90	0	8	82	56	78	84	114	623699068	1111086293	1838975191	104642246	R	F	CZ		XR Controller	67DD8480	95473DAC	1B981CE4			
210	BothFar_005m	CUED	1	45	45	1	9	126	56	78	84	114	1998914799	2139843041	2061188562	1744962745	R	N	C		XR Controller	CB090948	95473DAC	E4FFF864			
211	BothFar_005m	CUED	0	0	225	5	1	249	56	78	84	114	1019782482	925096394	1777517527	1062360284	R	N	C		XR Controller	6CBED730	95473DAC	E4FFF864			
212	BothFar_005m	CUED	1	0	90	0	8	89	56	78	84	114	1060113743	363548199	1873653274	822280962	R	F	CZ		XR Controller	CB090948	95473DAC	1B981CE4			
213	BothFar_005m	UNCUED	1	225	90	0	8	80	56	78	84	114	829294288	2086670476	870399306	1024137261	G	F	Z		XR Controller	67DD8480	083E616C	1B981CE4			
214	BothFar_005m	CUED	0	90	45	1	9	109	56	78	84	114	1966211860	2070690000	1459867196	1106049614	G	N	C		XR Controller	6CBED730	E283626C	E4FFF864			
215	BothFar_005m	CUED	1	90	45	1	9	102	56	78	84	114	896093528	1014483329	1817665876	1190378267	R	F	N		XR Controller	CB090948	BC9E36AC	B7EB8364			
216	BothFar_005m	UNCUED	0	315	90	0	8	81	56	78	84	114	337583131	963505427	1095633890	1642977842	G	F	CZ		XR Controller	F088AE08	E283626C	1B981CE4			
217	BothFar_005m	UNCUED	1	90	90	0	8	80	56	78	84	114	733348587	179645416	1335282181	269073449	R	N	Z		XR Controller	67DD8480	BC9E36AC	81535EE4			
218	BothFar_005m	CUED	0	90	0	2	6	127	56	78	84	114	321452877	652231598	1871184686	1024462658	R	N	CZ		XR Controller	6CBED730	95473DAC	81535EE4			
219	BothFar_005m	CUED	0	90	315	3	3	105	56	78	84	114	797331358	1823875246	586286893	1088546761	R	N	C		XR Controller	6CBED730	95473DAC	E4FFF864			
220	BothFar_005m	UNCUED	1	135	135	7	7	94	56	78	84	114	1104452740	1166593457	129629461	1710553379	G	N	Z		XR Controller	67DD8480	083E616C	81535EE4			
221	BothFar_005m	UNCUED	0	135	180	6	4	99	56	78	84	114	1635240671	178838623	207410904	2041191863	G	F	C		XR Controller	F088AE08	E283626C	B7EB8364			
222	BothFar_005m	CUED	1	0	225	5	1	91	56	78	84	114	228476846	823432374	513709141	535503387	G	N	N		XR Controller	CB090948	083E616C	E4FFF864			
223	BothFar_005m	UNCUED	0	270	225	5	1	87	56	78	84	114	311920362	1875761115	599752328	249397981	R	N	N		XR Controller	F088AE08	BC9E36AC	E4FFF864			
224	BothFar_005m	CUED	0	225	45	1	9	105	56	78	84	114	2121600606	343268565	1678303968	1069304435	G	N	CZ		XR Controller	6CBED730	E283626C	81535EE4			
225	BothFar_005m	CUED	0	90	180	6	4	107	56	78	84	114	9572500	1211452459	156239446	602719951	R	F	C		XR Controller	6CBED730	95473DAC	B7EB8364			
226	BothFar_005m	CUED	0	45	0	2	6	94	56	78	84	114	707646180	1265859615	1215329183	1951764634	G	N	C		XR Controller	6CBED730	E283626C	E4FFF864			
227	BothFar_005m	CUED	1	225	225	5	1	98	56	78	84	114	924812705	1158744660	801847096	292200148	R	F	C		XR Controller	CB090948	95473DAC	B7EB8364			
228	BothFar_005m	CUED	0	135	0	2	6	100	56	78	84	114	1802903004	471914670	607046908	1983792074	R	N	N		XR Controller	6CBED730	BC9E36AC	E4FFF864			
229	BothFar_005m	UNCUED	1	90	0	2	6	87	56	78	84	114	12175087	1707438481	211280862	990259259	G	F	C		XR Controller	67DD8480	E283626C	B7EB8364			
230	BothFar_005m	UNCUED	0	135	270	4	2	93	56	78	84	114	1304996317	810079584	924079542	1173074592	R	N	CZ		XR Controller	F088AE08	95473DAC	81535EE4			
231	BothFar_005m	CUED	1	225	270	4	2	86	56	78	84	114	989956263	1663969849	1637145221	454926377	R	N	Z		XR Controller	CB090948	BC9E36AC	81535EE4			
232	BothFar_005m	CUED	0	45	0	2	6	219	56	78	84	114	1594061749	514837196	1963160788	431167751	R	N	N		XR Controller	6CBED730	BC9E36AC	E4FFF864			
233	BothFar_005m	CUED	0	270	225	5	1	79	56	78	84	114	1965612213	255861520	1021742149	1918374666	R	F	N		XR Controller	6CBED730	BC9E36AC	B7EB8364			
234	BothFar_005m	UNCUED	1	45	45	1	9	177	56	78	84	114	1114119035	711271310	1212146542	1139546331	G	F	Z		XR Controller	67DD8480	083E616C	1B981CE4			
235	BothFar_005m	UNCUED	1	270	270	4	2	93	56	78	84	114	308967515	2101260565	1055375661	687349151	R	N	CZ		XR Controller	67DD8480	95473DAC	81535EE4			
236	BothFar_005m	CUED	0	90	90	0	8	80	56	78	84	114	322148703	2055538537	1343990186	605178921	R	N	N		XR Controller	6CBED730	BC9E36AC	E4FFF864			
237	BothFar_005m	CUED	0	45	45	1	9	110	56	78	84	114	1586299583	1416889382	1563406156	1515260806	R	F	N		XR Controller	6CBED730	BC9E36AC	B7EB8364			
238	BothFar_005m	CUED	1	0	90	0	8	79	56	78	84	114	1125395772	1010078047	1444974967	756632972	R	F	Z		XR Controller	CB090948	BC9E36AC	1B981CE4			
239	BothFar_005m	CUED	1	270	270	4	2	94	56	78	84	114	1748813378	1656890646	561173890	478101540	R	N	Z		XR Controller	CB090948	BC9E36AC	81535EE4			
240	BothFar_005m	UNCUED	1	315	180	6	4	169	56	78	84	114	607797122	574642013	1252509492	1885911198	R	N	C		XR Controller	67DD8480	95473DAC	E4FFF864			
241	BothFar_005m	CUED	1	0	315	3	3	98	56	78	84	114	786702477	1444557238	1023502248	1849698406	G	N	CZ		XR Controller	CB090948	E283626C	81535EE4			
242	BothFar_005m	UNCUED	0	270	45	1	9	85	56	78	84	114	1486918148	621001325	1988728284	811188148	G	N	Z		XR Controller	F088AE08	083E616C	81535EE4			
243	BothFar_005m	UNCUED	1	0	315	3	3	80	56	78	84	114	124809989	1845881838	485517715	2101563752	G	N	C		XR Controller	67DD8480	E283626C	E4FFF864			
244	BothFar_005m	CUED	0	315	0	2	6	84	56	78	84	114	2003418231	719145882	744317739	2099705997	R	N	C		XR Controller	6CBED730	95473DAC	E4FFF864			
245	BothFar_005m	CUED	1	315	180	6	4	96	56	78	84	114	1555656957	622709347	860359019	1159865333	G	N	N		XR Controller	CB090948	083E616C	E4FFF864			
246	BothFar_005m	UNCUED	1	45	90	0	8	88	56	78	84	114	1530004459	1463779422	452995794	855451374	G	N	CZ		XR Controller	67DD8480	E283626C	81535EE4			
247	BothFar_005m	UNCUED	0	135	315	3	3	98	56	78	84	114	181864646	1974293108	1603368480	465764644	R	N	C		XR Controller	F088AE08	95473DAC	E4FFF864			
248	BothFar_005m	CUED	1	180	180	6	4	90	56	78	84	114	373072345	1667537975	492552801	883887702	R	N	N		XR Controller	CB090948	BC9E36AC	E4FFF864			
249	BothFar_005m	CUED	0	180	0	2	6	78	56	78	84	114	400201404	1019351136	246297105	1405389832	G	N	N		XR Controller	6CBED730	083E616C	E4FFF864			
250	BothFar_005m	UNCUED	1	135	180	6	4	79	56	78	84	114	103880909	1741926585	1509230556	1398707856	G	N	N		XR Controller	67DD8480	083E616C	E4FFF864			
251	BothFar_005m	UNCUED	0	45	45	1	9	87	56	78	84	114	1518552808	1736619546	1367124181	1437238961	R	N	N		XR Controller	F088AE08	BC9E36AC	E4FFF864			
252	BothFar_005m	UNCUED	1	315	90	0	8	135	56	78	84	114	725558284	566562451	446623932	669322022	G	F	CZ		XR Controller	67DD8480	E283626C	1B981CE4			
253	BothFar_005m	CUED	1	225	270	4	2	77	56	78	84	114	196763608	427666080	1067515031	1430300349	R	N	CZ		XR Controller	CB090948	95473DAC	81535EE4			
254	BothFar_005m	CUED	1	270	225	5	1	89	56	78	84	114	1025074177	97807263	348878320	497865050	G	N	N		XR Controller	CB090948	083E616C	E4FFF864			
255	BothFar_005m	CUED	0	180	90	0	8	77	56	78	84	114	1712057079	873194567	772261902	910165297	R	N	CZ		XR Controller	6CBED730	95473DAC	81535EE4			
256	BothFar_005m	CUED	1	135	135	7	7	96	56	78	84	114	1193192807	533762167	1295902458	1996054368	R	F	C		XR Controller	CB090948	95473DAC	B7EB8364			
257	BothFar_005m	CUED	0	90	90	0	8	74	56	78	84	114	1418364532	775833593	334630781	286163687	R	F	Z		XR Controller	6CBED730	BC9E36AC	1B981CE4			
258	BothFar_005m	UNCUED	1	180	90	0	8	70	56	78	84	114	930474438	1693942013	1636828784	1017533156	R	F	CZ		XR Controller	67DD8480	95473DAC	1B981CE4			
259	BothFar_005m	UNCUED	1	225	90	0	8	85	56	78	84	114	466482861	1727113501	2090206545	1495903278	R	N	C		XR Controller	67DD8480	95473DAC	E4FFF864			
260	BothFar_005m	CUED	0	315	315	3	3	89	56	78	84	114	420734873	813691484	1878519385	473859199	G	F	C		XR Controller	6CBED730	E283626C	B7EB8364			
261	BothFar_005m	UNCUED	0	45	180	6	4	82	56	78	84	114	472649845	2064340493	981435325	1139599705	G	F	N		XR Controller	F088AE08	083E616C	B7EB8364			
262	BothFar_005m	CUED	1	270	45	1	9	98	56	78	84	114	1453630224	648801960	1456923788	1959846575	R	N	N		XR Controller	CB090948	BC9E36AC	E4FFF864			
263	BothFar_005m	UNCUED	0	315	270	4	2	83	56	78	84	114	378827671	312873995	1452576538	1302401352	G	N	N		XR Controller	F088AE08	083E616C	E4FFF864			
264	BothFar_005m	CUED	0	0	0	2	6	76	56	78	84	114	4261816	1725241085	816800874	748607274	G	N	C		XR Controller	6CBED730	E283626C	E4FFF864			
265	BothFar_005m	CUED	0	45	90	0	8	79	56	78	84	114	1427577315	432327005	929655301	1583677024	G	F	CZ		XR Controller	6CBED730	E283626C	1B981CE4			
266	BothFar_005m	UNCUED	1	315	90	0	8	84	56	78	84	114	1701731170	807090022	908822596	1260751628	G	N	Z		XR Controller	67DD8480	083E616C	81535EE4			
267	BothFar_005m	UNCUED	1	225	90	0	8	68	56	78	84	114	2114945656	1344044281	1342708178	1619174911	G	F	CZ		XR Controller	67DD8480	E283626C	1B981CE4			
268	BothFar_005m	UNCUED	1	135	315	3	3	87	56	78	84	114	1087100820	2138930730	2140537613	179758371	G	F	C		XR Controller	67DD8480	E283626C	B7EB8364			
269	BothFar_005m	UNCUED	1	135	45	1	9	86	56	78	84	114	1175769278	1571645985	877229689	823445562	G	F	N		XR Controller	67DD8480	083E616C	B7EB8364			
270	BothFar_005m	CUED	1	315	0	2	6	143	56	78	84	114	163356377	1748182505	1669463505	117411283	G	F	N		XR Controller	CB090948	083E616C	B7EB8364			
271	BothFar_005m	CUED	0	135	225	5	1	90	56	78	84	114	2122527761	193522791	1574100950	462994880	G	F	N		XR Controller	6CBED730	083E616C	B7EB8364			
272	BothFar_005m	UNCUED	0	135	45	1	9	89	56	78	84	114	1844398567	578601453	187983789	1510012907	R	N	N		XR Controller	F088AE08	BC9E36AC	E4FFF864			
273	BothFar_005m	UNCUED	0	180	180	6	4	99	56	78	84	114	1326017952	1085022200	365813891	1323952384	G	N	C		XR Controller	F088AE08	E283626C	E4FFF864			
274	BothFar_005m	UNCUED	1	0	225	5	1	80	56	78	84	114	1244376	1405722726	1366157584	771210179	G	N	Z		XR Controller	67DD8480	083E616C	81535EE4			
275	BothFar_005m	UNCUED	1	270	90	0	8	77	56	78	84	114	1592138080	1426690976	1244224931	205182062	R	F	Z		XR Controller	67DD8480	BC9E36AC	1B981CE4			
276	BothFar_005m	UNCUED	0	0	0	2	6	81	56	78	84	114	1030702477	820322050	1857399487	1245653364	G	N	N		XR Controller	F088AE08	083E616C	E4FFF864			
277	BothFar_005m	UNCUED	0	270	90	0	8	72	56	78	84	114	1442760921	1256174552	318836903	834509253	G	N	CZ		XR Controller	F088AE08	E283626C	81535EE4			
278	BothFar_005m	CUED	1	90	90	0	8	102	56	78	84	114	794522465	103413244	1536159349	111944147	G	N	C		XR Controller	CB090948	E283626C	E4FFF864			
279	BothFar_005m	UNCUED	0	315	90	0	8	73	56	78	84	114	648684027	1900457956	1357379572	1418955692	R	F	Z		XR Controller	F088AE08	BC9E36AC	1B981CE4			
280	BothFar_005m	UNCUED	1	180	270	4	2	84	56	78	84	114	579474094	390591321	721070295	124574592	R	N	Z		XR Controller	67DD8480	BC9E36AC	81535EE4			
281	BothFar_005m	CUED	0	0	90	0	8	64	56	78	84	114	1764266806	1419869364	212553418	749998103	R	F	CZ		XR Controller	6CBED730	95473DAC	1B981CE4			
282	BothFar_005m	UNCUED	1	0	270	4	2	88	56	78	84	114	1728116816	996417406	2046519861	621408022	R	N	Z		XR Controller	67DD8480	BC9E36AC	81535EE4			
283	BothFar_005m	UNCUED	0	225	90	0	8	68	56	78	84	114	2078765764	375563371	270547128	1866794346	R	F	Z		XR Controller	F088AE08	BC9E36AC	1B981CE4			
284	BothFar_005m	CUED	1	270	270	4	2	91	56	78	84	114	354716861	1739712018	2009374408	956742371	G	F	N		XR Controller	CB090948	083E616C	B7EB8364			
285	BothFar_005m	CUED	0	225	225	5	1	96	56	78	84	114	747410206	1015244770	482719185	780659534	G	F	N		XR Controller	6CBED730	083E616C	B7EB8364			
286	BothFar_005m	UNCUED	1	0	45	1	9	99	56	78	84	114	1261943031	1662314110	933572467	1507600136	R	F	C		XR Controller	67DD8480	95473DAC	B7EB8364			
287	BothFar_005m	UNCUED	0	225	90	0	8	73	56	78	84	114	758692780	106334833	1901628273	1980986349	G	F	CZ		XR Controller	F088AE08	E283626C	1B981CE4			
288	BothFar_005m	UNCUED	1	225	45	1	9	89	56	78	84	114	1311056484	814779219	1979622746	10384430	R	N	N		XR Controller	67DD8480	BC9E36AC	E4FFF864			
289	BothFar_005m	CUED	1	90	135	7	7	103	56	78	84	114	1131219683	1318056676	1359063972	1345751206	G	F	C		XR Controller	CB090948	E283626C	B7EB8364			
290	BothFar_005m	UNCUED	1	225	0	2	6	89	56	78	84	114	6715674	968394397	1700708399	1221171073	R	F	N		XR Controller	67DD8480	BC9E36AC	B7EB8364			
291	BothFar_005m	UNCUED	1	90	45	1	9	85	56	78	84	114	1486458938	475034343	1851930539	383853653	R	F	C		XR Controller	67DD8480	95473DAC	B7EB8364			
292	BothFar_005m	CUED	1	180	225	5	1	219	56	78	84	114	624139026	2096550868	78831792	2008002578	G	N	C		XR Controller	CB090948	E283626C	E4FFF864			
293	BothFar_005m	CUED	0	180	90	0	8	68	56	78	84	114	1455157512	1841968364	1829199584	1674251230	R	F	Z		XR Controller	6CBED730	BC9E36AC	1B981CE4			
294	BothFar_005m	CUED	1	225	90	0	8	68	56	78	84	114	1637526342	739959077	1514448122	1923418309	R	F	CZ		XR Controller	CB090948	95473DAC	1B981CE4			
295	BothFar_005m	UNCUED	1	90	90	0	8	72	56	78	84	114	1757119342	627947637	1284782811	1207294957	G	N	Z		XR Controller	67DD8480	083E616C	81535EE4			
296	BothFar_005m	CUED	1	180	180	6	4	90	56	78	84	114	1131196575	1062591124	642927137	1271330029	G	N	N		XR Controller	CB090948	083E616C	E4FFF864			
297	BothFar_005m	CUED	1	180	135	7	7	95	56	78	84	114	1473766056	768614192	423809597	496699711	R	N	C		XR Controller	CB090948	95473DAC	E4FFF864			
298	BothFar_005m	CUED	0	45	45	1	9	82	56	78	84	114	2012349853	261384537	1565091546	328202134	G	N	CZ		XR Controller	6CBED730	E283626C	81535EE4			
299	BothFar_005m	CUED	0	90	90	0	8	80	56	78	84	114	1738697231	518223504	1127875902	1745795589	G	F	C		XR Controller	6CBED730	E283626C	B7EB8364			
300	BothFar_005m	CUED	1	315	225	5	1	100	56	78	84	114	1189349235	47309771	1745679559	1027144085	G	N	C		XR Controller	CB090948	E283626C	E4FFF864			
301	BothFar_005m	CUED	0	135	135	7	7	92	56	78	84	114	566426567	550332278	1687217201	213412174	R	N	Z		XR Controller	6CBED730	BC9E36AC	81535EE4			
302	BothFar_005m	CUED	1	270	90	0	8	78	56	78	84	114	441187880	478579133	1688862760	1123273179	G	F	Z		XR Controller	CB090948	083E616C	1B981CE4			
303	BothFar_005m	CUED	0	225	90	0	8	72	56	78	84	114	1827632317	1044593366	69356310	120610227	R	F	CZ		XR Controller	6CBED730	95473DAC	1B981CE4			
304	BothFar_005m	CUED	1	270	90	0	8	70	56	78	84	114	402871849	1619981026	1038634896	1619046559	G	F	CZ		XR Controller	CB090948	E283626C	1B981CE4			
305	BothFar_005m	CUED	0	270	90	0	8	69	56	78	84	114	1203712979	1266117060	875617627	2043579621	G	N	CZ		XR Controller	6CBED730	E283626C	81535EE4			
306	BothFar_005m	UNCUED	0	45	270	4	2	97	56	78	84	114	207574877	1522633472	2145192601	1037641730	R	F	C		XR Controller	F088AE08	95473DAC	B7EB8364			
307	BothFar_005m	CUED	1	135	135	7	7	80	56	78	84	114	1959698859	852310155	1722383760	1572195483	R	N	N		XR Controller	CB090948	BC9E36AC	E4FFF864			
308	BothFar_005m	UNCUED	0	135	90	0	8	72	56	78	84	114	1619108763	1248456364	758383228	1847881697	R	F	Z		XR Controller	F088AE08	BC9E36AC	1B981CE4			
309	BothFar_005m	CUED	1	45	135	7	7	93	56	78	84	114	1502885133	2126205075	1470476275	331333110	G	N	N		XR Controller	CB090948	083E616C	E4FFF864			
310	BothFar_005m	UNCUED	0	270	315	3	3	81	56	78	84	114	1347660302	1932565397	1124459897	1101016820	R	N	Z		XR Controller	F088AE08	BC9E36AC	81535EE4			
311	BothFar_005m	CUED	0	270	225	5	1	100	56	78	84	114	351168777	903703937	964883682	1493636235	R	F	C		XR Controller	6CBED730	95473DAC	B7EB8364			
312	BothFar_005m	CUED	0	180	90	0	8	78	56	78	84	114	1682177834	257914076	35495554	1519664853	G	F	CZ		XR Controller	6CBED730	E283626C	1B981CE4			
313	BothFar_005m	CUED	1	225	225	5	1	106	56	78	84	114	331405154	1303378120	847829758	1789173877	G	F	N		XR Controller	CB090948	083E616C	B7EB8364			
314	BothFar_005m	CUED	0	45	45	1	9	428	56	78	84	114	1807451587	1864711350	95358517	243859200	R	N	CZ		XR Controller	6CBED730	95473DAC	81535EE4			
315	BothFar_005m	CUED	0	225	45	1	9	80	56	78	84	114	1437000144	455633026	80565448	481995766	R	N	Z		XR Controller	6CBED730	BC9E36AC	81535EE4			
316	BothFar_005m	UNCUED	0	45	90	0	8	66	56	78	84	114	349431351	1218236179	1229664084	343879388	R	F	CZ		XR Controller	F088AE08	95473DAC	1B981CE4			
317	BothFar_005m	UNCUED	0	270	90	0	8	72	56	78	84	114	31823900	1233896629	1413791049	1081388790	G	F	CZ		XR Controller	F088AE08	E283626C	1B981CE4			
318	BothFar_005m	UNCUED	1	180	90	0	8	68	56	78	84	114	1633996522	2071582438	1697812653	1023015337	R	F	Z		XR Controller	67DD8480	BC9E36AC	1B981CE4			
319	BothFar_005m	CUED	1	45	0	2	6	75	56	78	84	114	1902112989	981852736	1425350818	674553142	R	F	C		XR Controller	CB090948	95473DAC	B7EB8364			
320	BothFar_005m	CUED	0	180	45	1	9	74	56	78	84	114	518260566	1622099529	1825730456	1528310263	G	N	C		XR Controller	6CBED730	E283626C	E4FFF864			
321	BothFar_005m	UNCUED	0	0	180	6	4	78	56	78	84	114	248324807	1515295386	1144934779	1897662246	R	F	C		XR Controller	F088AE08	95473DAC	B7EB8364			
322	BothFar_005m	UNCUED	1	0	0	2	6	96	56	78	84	114	286172720	1765549074	897862911	1329397680	G	F	N		XR Controller	67DD8480	083E616C	B7EB8364			
323	BothFar_005m	CUED	0	135	0	2	6	90	56	78	84	114	947802692	596629945	1382572588	1159495062	R	N	C		XR Controller	6CBED730	95473DAC	E4FFF864			
324	BothFar_005m	CUED	1	180	90	0	8	72	56	78	84	114	1525283393	354096553	1677404299	1834701666	G	F	Z		XR Controller	CB090948	083E616C	1B981CE4			
325	BothFar_005m	CUED	0	270	90	0	8	71	56	78	84	114	715501550	2141437610	463750175	910012609	R	F	CZ		XR Controller	6CBED730	95473DAC	1B981CE4			
326	BothFar_005m	CUED	0	0	90	0	8	62	56	78	84	114	1781849948	96561892	1425098063	1053380367	G	F	Z		XR Controller	6CBED730	083E616C	1B981CE4			
327	BothFar_005m	UNCUED	1	135	315	3	3	76	56	78	84	114	1594926516	308846666	994139528	421678019	R	F	N		XR Controller	67DD8480	BC9E36AC	B7EB8364			
328	BothFar_005m	CUED	0	45	45	1	9	87	56	78	84	114	1550851980	665456356	703580259	8941924	G	F	N		XR Controller	6CBED730	083E616C	B7EB8364			
329	BothFar_005m	UNCUED	1	45	0	2	6	172	56	78	84	114	1373603064	2089975162	968877273	86603676	G	N	C		XR Controller	67DD8480	E283626C	E4FFF864			
330	BothFar_005m	CUED	0	225	90	0	8	70	56	78	84	114	887211006	527634773	547510212	213309430	G	F	CZ		XR Controller	6CBED730	E283626C	1B981CE4			
331	BothFar_005m	UNCUED	0	0	135	7	7	72	56	78	84	114	551666276	21152166	491476564	577388672	R	F	N		XR Controller	F088AE08	BC9E36AC	B7EB8364			
332	BothFar_005m	CUED	1	45	225	5	1	82	56	78	84	114	886764620	67715334	1039255901	1828730159	G	N	Z		XR Controller	CB090948	083E616C	81535EE4			
333	BothFar_005m	UNCUED	1	270	90	0	8	70	56	78	84	114	1005135327	1693848799	2135758154	1523337815	G	F	CZ		XR Controller	67DD8480	E283626C	1B981CE4			
334	BothFar_005m	CUED	0	180	180	6	4	86	56	78	84	114	1369894278	1396400928	859232518	1247688463	G	F	C		XR Controller	6CBED730	E283626C	B7EB8364			
0	BothFar_005m	UNCUED	0	315	225	5	1	81	56	78	84	114	1438416469	1868370763	1894451098	1745570616	R	N	Z		XR Controller	F088AE08	BC9E36AC	81535EE4			
335	BothFar_005m	CUED	0	45	270	4	2	87	56	78	84	114	685949296	395589335	789258187	638517942	G	N	Z		XR Controller	6CBED730	083E616C	81535EE4			
336	BothFar_005m	UNCUED	1	180	180	6	4	107	56	78	84	114	1960794419	648917390	191535828	969164379	G	N	C		XR Controller	67DD8480	E283626C	E4FFF864			
337	BothFar_005m	UNCUED	0	225	225	5	1	76	56	78	84	114	57072882	1088203954	656667736	1995404042	R	N	Z		XR Controller	F088AE08	BC9E36AC	81535EE4			
338	BothFar_005m	CUED	0	225	90	0	8	76	56	78	84	114	1336793514	46555438	836917678	2136916352	G	N	Z		XR Controller	6CBED730	083E616C	81535EE4			
339	BothFar_005m	CUED	0	315	270	4	2	85	56	78	84	114	1359960385	394808664	1771825896	1831209614	R	N	CZ		XR Controller	6CBED730	95473DAC	81535EE4			
340	BothFar_005m	CUED	1	315	270	4	2	82	56	78	84	114	142472960	74617722	1643799446	1349668289	G	N	CZ		XR Controller	CB090948	E283626C	81535EE4			
341	BothFar_005m	CUED	0	180	0	2	6	93	56	78	84	114	1495248815	1302104668	467244617	1548204928	R	N	C		XR Controller	6CBED730	95473DAC	E4FFF864			
342	BothFar_005m	UNCUED	1	135	90	0	8	70	56	78	84	114	973722498	1046030882	311607036	1603479433	G	F	CZ		XR Controller	67DD8480	E283626C	1B981CE4			
343	BothFar_005m	CUED	0	90	0	2	6	77	56	78	84	114	821177501	516462685	675333277	1931199465	G	N	N		XR Controller	6CBED730	083E616C	E4FFF864			
344	BothFar_005m	CUED	1	270	225	5	1	93	56	78	84	114	1880051730	1793324835	1261921385	1870102012	R	N	C		XR Controller	CB090948	95473DAC	E4FFF864			
345	BothFar_005m	CUED	0	315	180	6	4	88	56	78	84	114	1499356518	1128013798	1923745434	1650533913	R	F	N		XR Controller	6CBED730	BC9E36AC	B7EB8364			
346	BothFar_005m	UNCUED	1	0	180	6	4	113	56	78	84	114	717094303	447785917	1104495683	996361490	G	F	C		XR Controller	67DD8480	E283626C	B7EB8364			
347	BothFar_005m	CUED	1	225	225	5	1	76	56	78	84	114	123181987	1162002	1312801072	733441284	G	N	CZ		XR Controller	CB090948	E283626C	81535EE4			
348	BothFar_005m	UNCUED	1	315	90	0	8	64	56	78	84	114	1139804767	994720106	1896822720	1910424765	R	N	CZ		XR Controller	67DD8480	95473DAC	81535EE4			
349	BothFar_005m	UNCUED	0	0	225	5	1	88	56	78	84	114	1971905836	1785497405	1946351233	1529743428	G	F	C		XR Controller	F088AE08	E283626C	B7EB8364			
350	BothFar_005m	CUED	1	315	315	3	3	88	56	78	84	114	1476633809	1674327113	1831809542	708169155	R	F	C		XR Controller	CB090948	95473DAC	B7EB8364			
351	BothFar_005m	CUED	0	0	0	2	6	93	56	78	84	114	32939547	1923436640	296010805	1304671165	G	F	C		XR Controller	6CBED730	E283626C	B7EB8364			
352	BothFar_005m	CUED	0	135	180	6	4	145	56	78	84	114	27626067	1455620518	1672135183	141326680	R	F	N		XR Controller	6CBED730	BC9E36AC	B7EB8364			
353	BothFar_005m	UNCUED	0	315	90	0	8	81	56	78	84	114	200351615	405639450	549885771	357136195	R	F	CZ		XR Controller	F088AE08	95473DAC	1B981CE4			
354	BothFar_005m	UNCUED	1	270	180	6	4	86	56	78	84	114	1608469475	378385619	1196911623	2046512074	R	N	N		XR Controller	67DD8480	BC9E36AC	E4FFF864			
355	BothFar_005m	CUED	0	90	90	0	8	73	56	78	84	114	595671341	237940572	595606421	1757208689	R	F	CZ		XR Controller	6CBED730	95473DAC	1B981CE4			
356	BothFar_005m	CUED	0	225	225	5	1	83	56	78	84	114	1662303938	970458580	1351728026	1448995096	G	F	C		XR Controller	6CBED730	E283626C	B7EB8364			
357	BothFar_005m	CUED	0	135	90	0	8	74	56	78	84	114	587824556	767912498	1263440620	1676610113	G	F	CZ		XR Controller	6CBED730	E283626C	1B981CE4			
358	BothFar_005m	CUED	1	225	90	0	8	61	56	78	84	114	1672089708	1277100986	274352549	1156394289	R	F	Z		XR Controller	CB090948	BC9E36AC	1B981CE4			
359	BothFar_005m	CUED	1	90	90	0	8	81	56	78	84	114	660049394	1798090884	281267074	1086465633	R	N	C		XR Controller	CB090948	95473DAC	E4FFF864			
360	BothFar_005m	CUED	0	180	180	6	4	88	56	78	84	114	1049032544	823342498	518657917	1653291756	G	F	N		XR Controller	6CBED730	083E616C	B7EB8364			
361	BothFar_005m	CUED	1	315	90	0	8	73	56	78	84	114	1851690323	657316844	1019936976	2028813491	R	F	CZ		XR Controller	CB090948	95473DAC	1B981CE4			
362	BothFar_005m	UNCUED	1	225	0	2	6	76	56	78	84	114	1377248481	535024410	656474035	1972430931	G	F	C		XR Controller	67DD8480	E283626C	B7EB8364			
363	BothFar_005m	UNCUED	0	270	0	2	6	249	56	78	84	114	1182892624	2008267896	2090250638	898867766	G	N	N		XR Controller	F088AE08	083E616C	E4FFF864			
364	BothFar_005m	CUED	1	135	90	0	8	77	56	78	84	114	64786318	1636101288	1019052090	1696132968	G	F	CZ		XR Controller	CB090948	E283626C	1B981CE4			
365	BothFar_005m	CUED	0	225	135	7	7	89	56	78	84	114	110365598	1537466475	1877279279	59760837	R	F	Z		XR Controller	6CBED730	BC9E36AC	1B981CE4			
366	BothFar_005m	CUED	0	135	90	0	8	87	56	78	84	114	1205231753	403658961	681989935	483209381	R	F	Z		XR Controller	6CBED730	BC9E36AC	1B981CE4			
367	BothFar_005m	CUED	0	135	0	2	6	81	56	78	84	114	2139605970	748084629	913976515	693500334	G	N	N		XR Controller	6CBED730	083E616C	E4FFF864			
368	BothFar_005m	CUED	0	45	90	0	8	75	56	78	84	114	2028634729	1655725089	298846426	394657387	G	F	Z		XR Controller	6CBED730	083E616C	1B981CE4			
369	BothFar_005m	UNCUED	1	315	0	2	6	70	56	78	84	114	428541163	1528251584	1545219001	1643604531	R	F	C		XR Controller	67DD8480	95473DAC	B7EB8364			
370	BothFar_005m	CUED	0	135	0	2	6	68	56	78	84	114	1125806518	974058351	1577329156	512738509	G	N	Z		XR Controller	6CBED730	083E616C	81535EE4			
371	BothFar_005m	CUED	1	315	315	3	3	99	56	78	84	114	2090012529	71009878	758403204	25926209	R	N	C		XR Controller	CB090948	95473DAC	E4FFF864			
372	BothFar_005m	CUED	1	135	135	7	7	85	56	78	84	114	653789237	1360688776	1484672009	2121227988	G	N	N		XR Controller	CB090948	083E616C	E4FFF864			
373	BothFar_005m	UNCUED	0	225	90	0	8	71	56	78	84	114	575181848	846078365	1725483172	1761953947	G	F	Z		XR Controller	F088AE08	083E616C	1B981CE4			
374	BothFar_005m	CUED	1	225	270	4	2	119	56	78	84	114	86111665	1532301385	1786265738	148591266	G	N	Z		XR Controller	CB090948	083E616C	81535EE4			
375	BothFar_005m	UNCUED	1	270	0	2	6	89	56	78	84	114	514738044	1237578859	886069409	817035725	R	F	N		XR Controller	67DD8480	BC9E36AC	B7EB8364			
376	BothFar_005m	UNCUED	1	180	270	4	2	90	56	78	84	114	2135104578	1985845776	925380465	2005737208	G	N	Z		XR Controller	67DD8480	083E616C	81535EE4			
377	BothFar_005m	UNCUED	1	180	90	0	8	74	56	78	84	114	1653881682	493368574	2014509556	609608699	G	F	CZ		XR Controller	67DD8480	E283626C	1B981CE4			
378	BothFar_005m	UNCUED	0	270	180	6	4	108	56	78	84	114	624495956	791865182	265122308	397088278	R	F	N		XR Controller	F088AE08	BC9E36AC	B7EB8364			
379	BothFar_005m	UNCUED	1	135	90	0	8	74	56	78	84	114	1448332675	1672855333	1725631723	681162897	R	F	Z		XR Controller	67DD8480	BC9E36AC	1B981CE4			
380	BothFar_005m	UNCUED	0	90	90	0	8	80	56	78	84	114	1933586614	73452739	1537105908	1301221868	R	F	Z		XR Controller	F088AE08	BC9E36AC	1B981CE4			
381	BothFar_005m	UNCUED	1	270	225	5	1	106	56	78	84	114	469980430	2039210028	649224722	1903392686	G	N	N		XR Controller	67DD8480	083E616C	E4FFF864			
382	BothFar_005m	CUED	0	0	90	0	8	76	56	78	84	114	1404873875	2076710164	610478661	581827910	R	N	Z		XR Controller	6CBED730	BC9E36AC	81535EE4			
383	BothFar_005m	UNCUED	1	180	0	2	6	82	56	78	84	114	145829761	466721944	77367526	535118329	G	F	N		XR Controller	67DD8480	083E616C	B7EB8364			
384	BothFar_005m	UNCUED	0	45	225	5	1	82	56	78	84	114	2059304770	1182412780	338418221	2077623557	G	N	CZ		XR Controller	F088AE08	E283626C	81535EE4			
385	BothFar_005m	UNCUED	1	270	90	0	8	69	56	78	84	114	1934409851	1105425873	432783580	180029786	R	F	CZ		XR Controller	67DD8480	95473DAC	1B981CE4			
386	BothFar_005m	UNCUED	0	225	225	5	1	158	56	78	84	114	1596734444	956989535	1457941185	196368726	G	N	C		XR Controller	F088AE08	E283626C	E4FFF864			
387	BothFar_005m	UNCUED	1	225	90	0	8	76	56	78	84	114	1230780970	542884833	1404256661	1436380259	R	F	Z		XR Controller	67DD8480	BC9E36AC	1B981CE4			
388	BothFar_005m	CUED	0	0	45	1	9	76	56	78	84	114	1605751224	1639104913	1545581434	1595151152	R	N	CZ		XR Controller	6CBED730	95473DAC	81535EE4			
389	BothFar_005m	UNCUED	0	180	135	7	7	86	56	78	84	114	448567266	1445327275	1013897844	420248736	R	F	CZ		XR Controller	F088AE08	95473DAC	1B981CE4			
390	BothFar_005m	CUED	1	0	0	2	6	81	56	78	84	114	510568361	1553679531	965044751	477235663	R	F	C		XR Controller	CB090948	95473DAC	B7EB8364			
391	BothFar_005m	UNCUED	1	90	180	6	4	81	56	78	84	114	1564279018	951011586	1225112131	437058555	R	N	C		XR Controller	67DD8480	95473DAC	E4FFF864			
392	BothFar_005m	CUED	0	315	90	0	8	76	56	78	84	114	875663287	1086412546	700998749	1469557415	G	N	CZ		XR Controller	6CBED730	E283626C	81535EE4			
393	BothFar_005m	UNCUED	1	45	270	4	2	112	56	78	84	114	336850027	1718684708	1019966107	987879203	R	N	CZ		XR Controller	67DD8480	95473DAC	81535EE4			
394	BothFar_005m	UNCUED	0	135	90	0	8	67	56	78	84	114	1454041065	505164446	1991023264	387919509	R	F	CZ		XR Controller	F088AE08	95473DAC	1B981CE4			
395	BothFar_005m	UNCUED	0	180	90	0	8	70	56	78	84	114	678627615	755904633	1825025410	548601118	G	F	CZ		XR Controller	F088AE08	E283626C	1B981CE4			
396	BothFar_005m	UNCUED	0	90	225	5	1	173	56	78	84	114	914624957	698481692	1644412029	1969139990	R	N	N		XR Controller	F088AE08	BC9E36AC	E4FFF864			
397	BothFar_005m	UNCUED	1	225	0	2	6	78	56	78	84	114	686442407	1738630486	1768670525	956706257	G	F	N		XR Controller	67DD8480	083E616C	B7EB8364			
398	BothFar_005m	CUED	0	270	90	0	8	68	56	78	84	114	1126903500	1541910053	1171135854	1319042494	G	F	Z		XR Controller	6CBED730	083E616C	1B981CE4			
399	BothFar_005m	CUED	1	90	90	0	8	63	56	78	84	114	216256379	1711324915	536489346	1271965216	R	F	CZ		XR Controller	CB090948	95473DAC	1B981CE4			
400	BothFar_005m	UNCUED	0	315	315	3	3	123	56	78	84	114	458214611	772018174	1747524491	1597149606	R	N	N		XR Controller	F088AE08	BC9E36AC	E4FFF864			
401	BothFar_005m	UNCUED	0	0	90	0	8	75	56	78	84	114	1695725250	1372739875	170390964	1662890738	R	F	CZ		XR Controller	F088AE08	95473DAC	1B981CE4			
402	BothFar_005m	UNCUED	1	315	0	2	6	76	56	78	84	114	1912113384	1188873304	1805994036	1832662247	G	F	C		XR Controller	67DD8480	E283626C	B7EB8364			
403	BothFar_005m	UNCUED	0	315	135	7	7	77	56	78	84	114	2076050358	1492098170	1561378001	1548132498	G	F	Z		XR Controller	F088AE08	083E616C	1B981CE4			
404	BothFar_005m	UNCUED	1	270	225	5	1	130	56	78	84	114	1689868323	2022593487	573397992	2036553096	G	N	CZ		XR Controller	67DD8480	E283626C	81535EE4			
405	BothFar_005m	CUED	0	270	90	0	8	98	56	78	84	114	420845379	277592899	95436540	1697016695	R	N	C		XR Controller	6CBED730	95473DAC	E4FFF864			
406	BothFar_005m	UNCUED	0	135	90	0	8	112	56	78	84	114	990009563	334358973	1945354973	2057729708	G	N	CZ		XR Controller	F088AE08	E283626C	81535EE4			
407	BothFar_005m	CUED	1	270	270	4	2	96	56	78	84	114	507758146	2028431519	1316710857	1342817465	G	N	C		XR Controller	CB090948	E283626C	E4FFF864			
408	BothFar_005m	UNCUED	0	90	270	4	2	98	56	78	84	114	1598256942	228782591	552377123	1694075585	R	F	N		XR Controller	F088AE08	BC9E36AC	B7EB8364			
409	BothFar_005m	UNCUED	1	270	315	3	3	140	56	78	84	114	1613728494	289950644	1034074701	1102859570	R	F	C		XR Controller	67DD8480	95473DAC	B7EB8364			
410	BothFar_005m	UNCUED	1	45	270	4	2	140	56	78	84	114	797942889	1431028568	970714219	1673836631	R	N	N		XR Controller	67DD8480	BC9E36AC	E4FFF864			
411	BothFar_005m	UNCUED	0	270	90	0	8	66	56	78	84	114	66942119	384058578	853366793	849844408	R	F	CZ		XR Controller	F088AE08	95473DAC	1B981CE4			
412	BothFar_005m	CUED	0	90	0	2	6	128	56	78	84	114	733852651	1726826104	927781718	1719287211	G	N	Z		XR Controller	6CBED730	083E616C	81535EE4			
413	BothFar_005m	CUED	1	45	0	2	6	96	56	78	84	114	972753883	1680572977	1886544176	1634732356	R	F	N		XR Controller	CB090948	BC9E36AC	B7EB8364			
414	BothFar_005m	CUED	0	0	90	0	8	76	56	78	84	114	824714252	838427062	1985875519	1401357454	G	F	CZ		XR Controller	6CBED730	E283626C	1B981CE4			
415	BothFar_005m	UNCUED	0	225	45	1	9	122	56	78	84	114	257291009	382519040	1160357902	1556841713	G	N	CZ		XR Controller	F088AE08	E283626C	81535EE4			
416	BothFar_005m	UNCUED	0	180	225	5	1	85	56	78	84	114	1361248297	122152290	365370197	673321935	R	N	Z		XR Controller	F088AE08	BC9E36AC	81535EE4			
417	BothFar_005m	CUED	0	315	45	1	9	77	56	78	84	114	1830354017	843552898	2092218698	748273981	G	N	Z		XR Controller	6CBED730	083E616C	81535EE4			
418	BothFar_005m	UNCUED	0	270	180	6	4	94	56	78	84	114	1632560364	1690590813	1330879354	2034220336	G	F	C		XR Controller	F088AE08	E283626C	B7EB8364			
419	BothFar_005m	UNCUED	0	135	90	0	8	73	56	78	84	114	79053057	25867816	1599703012	74761505	R	N	Z		XR Controller	F088AE08	BC9E36AC	81535EE4			
420	BothFar_005m	UNCUED	0	45	0	2	6	80	56	78	84	114	1714231182	1261515338	928894525	880698396	G	F	C		XR Controller	F088AE08	E283626C	B7EB8364			
421	BothFar_005m	UNCUED	1	315	270	4	2	88	56	78	84	114	1858479582	1357206339	1462763067	1335882437	G	N	CZ		XR Controller	67DD8480	E283626C	81535EE4			
422	BothFar_005m	UNCUED	0	180	225	5	1	92	56	78	84	114	1736889912	1583918763	1901894731	87913491	R	N	CZ		XR Controller	F088AE08	95473DAC	81535EE4			
423	BothFar_005m	CUED	1	0	90	0	8	72	56	78	84	114	1239696027	501626437	826757086	1350516328	G	F	Z		XR Controller	CB090948	083E616C	1B981CE4			
424	BothFar_005m	UNCUED	1	45	90	0	8	68	56	78	84	114	416365267	552430300	1429703702	924981753	G	F	CZ		XR Controller	67DD8480	E283626C	1B981CE4			
425	BothFar_005m	UNCUED	1	135	90	0	8	71	56	78	84	114	1961428127	623413270	232631071	776069958	G	N	CZ		XR Controller	67DD8480	E283626C	81535EE4			
426	BothFar_005m	CUED	1	45	90	0	8	70	56	78	84	114	518622090	1332176203	1676412982	1960369775	G	N	CZ		XR Controller	CB090948	E283626C	81535EE4			
427	BothFar_005m	CUED	1	90	135	7	7	101	56	78	84	114	48364659	1758169470	18597777	495912079	R	F	C		XR Controller	CB090948	95473DAC	B7EB8364			
428	BothFar_005m	UNCUED	1	225	90	0	8	76	56	78	84	114	621418745	437044426	555737862	1907886276	R	N	Z		XR Controller	67DD8480	BC9E36AC	81535EE4			
429	BothFar_005m	CUED	1	135	270	4	2	85	56	78	84	114	71614378	1748896954	1516427998	924018836	G	N	Z		XR Controller	CB090948	083E616C	81535EE4			
430	BothFar_005m	CUED	0	270	270	4	2	111	56	78	84	114	1709789077	318483848	508244227	1219213224	G	F	N		XR Controller	6CBED730	083E616C	B7EB8364			
431	BothFar_005m	UNCUED	0	90	90	0	8	85	56	78	84	114	1375623589	943327355	1487587799	1357460492	G	F	CZ		XR Controller	F088AE08	E283626C	1B981CE4			
432	BothFar_005m	UNCUED	0	135	90	0	8	68	56	78	84	114	1301467848	1439350392	1448574357	1634873799	G	F	CZ		XR Controller	F088AE08	E283626C	1B981CE4			
433	BothFar_005m	UNCUED	1	90	90	0	8	68	56	78	84	114	653362958	1156347909	293169697	2025121078	G	F	Z		XR Controller	67DD8480	083E616C	1B981CE4			
434	BothFar_005m	UNCUED	0	315	180	6	4	80	56	78	84	114	1047263835	21691476	2122774511	489071111	R	F	C		XR Controller	F088AE08	95473DAC	B7EB8364			
435	BothFar_005m	UNCUED	0	180	90	0	8	100	56	78	84	114	1246584858	503243676	1319881722	930029671	G	F	Z		XR Controller	F088AE08	083E616C	1B981CE4			
436	BothFar_005m	UNCUED	0	45	90	0	8	69	56	78	84	114	278745935	290511574	331151471	1826598858	G	F	CZ		XR Controller	F088AE08	E283626C	1B981CE4			
437	BothFar_005m	UNCUED	0	225	180	6	4	82	56	78	84	114	1802784622	44482386	1341583801	441162565	R	F	C		XR Controller	F088AE08	95473DAC	B7EB8364			
438	BothFar_005m	CUED	1	225	180	6	4	109	56	78	84	114	2124682775	716307451	1249705346	1730214472	G	F	C		XR Controller	CB090948	E283626C	B7EB8364			
439	BothFar_005m	UNCUED	1	0	0	2	6	161	56	78	84	114	1766956356	775888121	304660784	1628124455	G	N	N		XR Controller	67DD8480	083E616C	E4FFF864			
440	BothFar_005m	UNCUED	0	90	45	1	9	95	56	78	84	114	55305256	42014846	1495100233	1354963679	R	N	C		XR Controller	F088AE08	95473DAC	E4FFF864			
441	BothFar_005m	UNCUED	0	225	225	5	1	112	56	78	84	114	1893135296	2100276581	547497398	103161618	G	N	N		XR Controller	F088AE08	083E616C	E4FFF864			
442	BothFar_005m	CUED	1	225	225	5	1	87	56	78	84	114	1200578843	1604394304	404452786	546348210	R	N	C		XR Controller	CB090948	95473DAC	E4FFF864			
443	BothFar_005m	UNCUED	0	225	45	1	9	87	56	78	84	114	615284100	293159275	99937465	1848652910	R	F	CZ		XR Controller	F088AE08	95473DAC	1B981CE4			
444	BothFar_005m	UNCUED	0	0	315	3	3	103	56	78	84	114	1949621694	48758997	1886869868	481004069	G	N	C		XR Controller	F088AE08	E283626C	E4FFF864			
445	BothFar_005m	UNCUED	1	315	90	0	8	74	56	78	84	114	405656576	1590490587	37702470	102158209	R	F	Z		XR Controller	67DD8480	BC9E36AC	1B981CE4			
446	BothFar_005m	UNCUED	1	90	135	7	7	91	56	78	84	114	696804719	2035976130	852718206	322567401	G	N	C		XR Controller	67DD8480	E283626C	E4FFF864			
447	BothFar_005m	UNCUED	0	90	90	0	8	69	56	78	84	114	711190451	830489275	1378315112	1601583116	R	F	CZ		XR Controller	F088AE08	95473DAC	1B981CE4			
448	BothFar_005m	CUED	0	0	315	3	3	91	56	78	84	114	165964505	838955507	1405260284	263330521	G	F	N		XR Controller	6CBED730	083E616C	B7EB8364			
449	BothFar_005m	UNCUED	1	45	315	3	3	76	56	78	84	114	865477015	1357368667	881386152	1658463023	G	F	N		XR Controller	67DD8480	083E616C	B7EB8364			
450	BothFar_005m	CUED	0	315	90	0	8	79	56	78	84	114	151544043	2091956372	1193446303	1075000559	G	F	Z		XR Controller	6CBED730	083E616C	1B981CE4			
451	BothFar_005m	CUED	1	135	180	6	4	83	56	78	84	114	1006803139	137526485	8840052	1504048895	R	N	C		XR Controller	CB090948	95473DAC	E4FFF864			
452	BothFar_005m	UNCUED	1	90	90	0	8	72	56	78	84	114	1865698871	1050529244	660655773	77447204	G	N	CZ		XR Controller	67DD8480	E283626C	81535EE4			
453	BothFar_005m	CUED	0	225	225	5	1	86	56	78	84	114	1183768010	1921827289	266432281	1123207153	R	F	N		XR Controller	6CBED730	BC9E36AC	B7EB8364			
454	BothFar_005m	CUED	1	0	225	5	1	90	56	78	84	114	550558059	334719424	159340838	236737988	R	N	N		XR Controller	CB090948	BC9E36AC	E4FFF864			
455	BothFar_005m	UNCUED	1	270	90	0	8	69	56	78	84	114	370105143	1649284825	1911665114	1924837170	G	F	Z		XR Controller	67DD8480	083E616C	1B981CE4			
456	BothFar_005m	UNCUED	0	0	90	0	8	93	56	78	84	114	1659705921	184560060	1246587321	481814070	R	N	Z		XR Controller	F088AE08	BC9E36AC	81535EE4			
457	BothFar_005m	UNCUED	0	45	45	1	9	95	56	78	84	114	88516911	1588412898	1387188195	148888002	G	N	C		XR Controller	F088AE08	E283626C	E4FFF864			
458	BothFar_005m	UNCUED	0	135	225	5	1	170	56	78	84	114	1666473290	1257834977	479462805	782918582	R	F	C		XR Controller	F088AE08	95473DAC	B7EB8364			
459	BothFar_005m	CUED	0	0	0	2	6	77	56	78	84	114	2030065484	1609081236	1566141803	1204282777	G	N	CZ		XR Controller	6CBED730	E283626C	81535EE4			
460	BothFar_005m	CUED	1	45	135	7	7	82	56	78	84	114	492958155	474483862	768960469	231131092	R	N	N		XR Controller	CB090948	BC9E36AC	E4FFF864			
461	BothFar_005m	UNCUED	0	45	270	4	2	89	56	78	84	114	216729972	1003396291	1032723172	1876101019	R	N	C		XR Controller	F088AE08	95473DAC	E4FFF864			
462	BothFar_005m	CUED	1	270	270	4	2	80	56	78	84	114	84986265	1358772926	293968317	133907587	G	N	Z		XR Controller	CB090948	083E616C	81535EE4			
463	BothFar_005m	UNCUED	0	315	90	0	8	73	56	78	84	114	206767462	1981959031	415463995	2045772928	G	F	C		XR Controller	F088AE08	E283626C	B7EB8364			
464	BothFar_005m	CUED	0	0	315	3	3	87	56	78	84	114	1460334696	2141814076	348419224	2018815066	G	N	N		XR Controller	6CBED730	083E616C	E4FFF864			
465	BothFar_005m	CUED	1	180	225	5	1	91	56	78	84	114	1185801341	1411435553	1732329829	649465955	G	N	Z		XR Controller	CB090948	083E616C	81535EE4			
466	BothFar_005m	CUED	1	180	225	5	1	104	56	78	84	114	1981588126	1686279490	895525827	424005124	G	N	CZ		XR Controller	CB090948	E283626C	81535EE4			
467	BothFar_005m	UNCUED	1	225	270	4	2	110	56	78	84	114	1013939266	1715098742	1102617545	1298341363	G	N	Z		XR Controller	67DD8480	083E616C	81535EE4			
468	BothFar_005m	UNCUED	1	180	315	3	3	147	56	78	84	114	2110770031	2075459433	968886674	692680247	G	F	C		XR Controller	67DD8480	E283626C	B7EB8364			
469	BothFar_005m	CUED	1	0	135	7	7	88	56	78	84	114	377855206	848343300	1422089328	1943276286	G	N	C		XR Controller	CB090948	E283626C	E4FFF864			
470	BothFar_005m	UNCUED	0	270	90	0	8	71	56	78	84	114	140602687	643924960	538579469	484485600	G	F	Z		XR Controller	F088AE08	083E616C	1B981CE4			
471	BothFar_005m	CUED	1	270	90	0	8	78	56	78	84	114	2093840225	1004707880	1649195470	912136666	R	F	Z		XR Controller	CB090948	BC9E36AC	1B981CE4			
472	BothFar_005m	UNCUED	0	180	180	6	4	87	56	78	84	114	116322974	2062336180	1524312059	1876871042	R	F	N		XR Controller	F088AE08	BC9E36AC	B7EB8364			
473	BothFar_005m	UNCUED	0	45	315	3	3	87	56	78	84	114	1866512860	276454889	1328153304	2045382653	G	N	N		XR Controller	F088AE08	083E616C	E4FFF864			
474	BothFar_005m	CUED	0	135	135	7	7	92	56	78	84	114	2111909621	32928282	160260073	146064017	R	F	C		XR Controller	6CBED730	95473DAC	B7EB8364			
475	BothFar_005m	UNCUED	1	90	90	0	8	115	56	78	84	114	999884053	445894396	800123617	1468005709	G	F	CZ		XR Controller	67DD8480	E283626C	1B981CE4			
476	BothFar_005m	UNCUED	1	315	90	0	8	121	56	78	84	114	2002932283	48253848	1937850647	754287979	R	N	N		XR Controller	67DD8480	BC9E36AC	E4FFF864			
477	BothFar_005m	CUED	1	315	315	3	3	88	56	78	84	114	60127044	2049655755	363011550	2029342828	G	F	C		XR Controller	CB090948	E283626C	B7EB8364			
478	BothFar_005m	UNCUED	1	90	315	3	3	115	56	78	84	114	1027960543	2055679429	1568860712	921332376	R	F	N		XR Controller	67DD8480	BC9E36AC	B7EB8364			
479	BothFar_005m	CUED	1	315	90	0	8	72	56	78	84	114	938383452	152189864	1099738289	872238723	G	F	CZ		XR Controller	CB090948	E283626C	1B981CE4			
480	BothFar_005m	UNCUED	1	225	270	4	2	117	56	78	84	114	671972397	1290714855	1382170049	1179062926	R	N	CZ		XR Controller	67DD8480	95473DAC	81535EE4			
481	BothFar_005m	CUED	1	135	225	5	1	108	56	78	84	114	1287701988	1152863469	670994169	876558557	R	N	Z		XR Controller	CB090948	BC9E36AC	81535EE4			
482	BothFar_005m	UNCUED	1	180	180	6	4	106	56	78	84	114	2089007394	666730476	1521165571	1441920042	R	N	C		XR Controller	67DD8480	95473DAC	E4FFF864			
483	BothFar_005m	CUED	0	135	270	4	2	76	56	78	84	114	137223965	73494466	324162524	880578599	R	N	CZ		XR Controller	6CBED730	95473DAC	81535EE4			
484	BothFar_005m	CUED	0	315	45	1	9	92	56	78	84	114	2113556631	30148911	996400881	278920238	R	N	Z		XR Controller	6CBED730	BC9E36AC	81535EE4			
485	BothFar_005m	CUED	1	270	270	4	2	84	56	78	84	114	1094988239	2075289477	1595006638	1572682352	G	N	CZ		XR Controller	CB090948	E283626C	81535EE4			
486	BothFar_005m	CUED	1	45	45	1	9	76	56	78	84	114	143680756	1845516088	2070613552	1562097897	G	F	N		XR Controller	CB090948	083E616C	B7EB8364			
487	BothFar_005m	CUED	1	90	90	0	8	64	56	78	84	114	1561814097	653195785	128369130	1342636558	R	F	Z		XR Controller	CB090948	BC9E36AC	1B981CE4			
488	BothFar_005m	UNCUED	0	135	270	4	2	82	56	78	84	114	953073301	843027728	1682828246	233510370	G	F	Z		XR Controller	F088AE08	083E616C	1B981CE4			
489	BothFar_005m	UNCUED	0	315	45	1	9	85	56	78	84	114	525769177	1256721178	793892055	1961341261	R	N	C		XR Controller	F088AE08	95473DAC	E4FFF864			
490	BothFar_005m	UNCUED	1	270	90	0	8	95	56	78	84	114	1070327786	289588596	75091063	899589875	G	F	N		XR Controller	67DD8480	083E616C	B7EB8364			
491	BothFar_005m	UNCUED	0	90	90	0	8	73	56	78	84	114	1214342928	1390490199	1161537950	1586904451	G	N	Z		XR Controller	F088AE08	083E616C	81535EE4			
492	BothFar_005m	CUED	1	270	270	4	2	93	56	78	84	114	1567055248	291576313	824929180	397038494	R	F	N		XR Controller	CB090948	BC9E36AC	B7EB8364			
493	BothFar_005m	CUED	1	135	135	7	7	87	56	78	84	114	2114941682	1071195573	1895909693	317911483	G	F	N		XR Controller	CB090948	083E616C	B7EB8364			
494	BothFar_005m	CUED	1	135	135	7	7	91	56	78	84	114	1166784436	869834079	2101746956	1964722067	R	F	N		XR Controller	CB090948	BC9E36AC	B7EB8364			
495	BothFar_005m	UNCUED	1	270	315	3	3	184	56	78	84	114	1216994881	1620661827	2058244572	1909700715	R	N	Z		XR Controller	67DD8480	BC9E36AC	81535EE4			
496	BothFar_005m	UNCUED	1	90	0	2	6	136	56	78	84	114	1689658323	833553020	2050004102	1831904669	G	F	N		XR Controller	67DD8480	083E616C	B7EB8364			
497	BothFar_005m	CUED	1	45	45	1	9	99	56	78	84	114	522324008	2077842837	184521378	1748959219	G	F	Z		XR Controller	CB090948	083E616C	1B981CE4			
498	BothFar_005m	CUED	1	315	315	3	3	108	56	78	84	114	774410831	2143527405	1316970652	261882088	R	F	N		XR Controller	CB090948	BC9E36AC	B7EB8364			
499	BothFar_005m	CUED	1	180	180	6	4	87	56	78	84	114	1708508282	2105269649	93047416	823775849	R	F	N		XR Controller	CB090948	BC9E36AC	B7EB8364			
500	BothFar_005m	CUED	0	225	90	0	8	78	56	78	84	114	1419847209	1919802321	1824078565	573461413	G	F	Z		XR Controller	6CBED730	083E616C	1B981CE4			
501	BothFar_005m	UNCUED	1	90	90	0	8	80	56	78	84	114	339602612	879176674	1493873525	1296617932	R	F	Z		XR Controller	67DD8480	BC9E36AC	1B981CE4			
502	BothFar_005m	UNCUED	1	315	270	4	2	96	56	78	84	114	180214775	667049846	1145816184	1263999576	G	N	C		XR Controller	67DD8480	E283626C	E4FFF864			
503	BothFar_005m	UNCUED	0	225	180	6	4	106	56	78	84	114	866415032	1477185946	236193673	1415166815	G	N	Z		XR Controller	F088AE08	083E616C	81535EE4			
504	BothFar_005m	UNCUED	0	270	90	0	8	75	56	78	84	114	1347947864	483302283	554566970	1519230400	R	F	Z		XR Controller	F088AE08	BC9E36AC	1B981CE4			
505	BothFar_005m	CUED	0	0	315	3	3	142	56	78	84	114	782040215	433584033	20992991	252336224	R	N	N		XR Controller	6CBED730	BC9E36AC	E4FFF864			
506	BothFar_005m	UNCUED	0	135	45	1	9	80	56	78	84	114	968364120	930640437	379366592	1294521814	G	N	Z		XR Controller	F088AE08	083E616C	81535EE4			
507	BothFar_005m	UNCUED	1	225	270	4	2	137	56	78	84	114	163611935	405724995	1041013238	222689646	G	N	CZ		XR Controller	67DD8480	E283626C	81535EE4			
508	BothFar_005m	UNCUED	1	0	135	7	7	87	56	78	84	114	1303621732	159304486	350563946	1989486008	R	N	C		XR Controller	67DD8480	95473DAC	E4FFF864			
509	BothFar_005m	UNCUED	0	180	90	0	8	79	56	78	84	114	210765965	392083918	277461481	1378254147	G	N	CZ		XR Controller	F088AE08	E283626C	81535EE4			
510	BothFar_005m	UNCUED	0	180	90	0	8	90	56	78	84	114	1603671883	370019403	404474639	851803183	G	F	N		XR Controller	F088AE08	083E616C	B7EB8364			
511	BothFar_005m	UNCUED	0	0	90	0	8	80	56	78	84	114	1822870918	2107220888	1421231175	913652518	G	F	CZ		XR Controller	F088AE08	E283626C	1B981CE4			
